35289055
38689398
31794871
32784777
36927491
33580742
36404545
32333900
34581485
33663416
37374288
33458891
36100328
35304739
35912749
33660628
32390624
37698424
32098477
32090565
38011580
34757668
32481282
35449421
35341762
34066847
34103175
33780529
35750476
37218404
33710771
33285634
37189062
35081442
34717887
36539525
35232367
31778170
35871354
35171450
31471958
33378982
37204806
36189738
37847125
37181536
38067098
37066918
33988311
38172602
30514930
34010112
33040568
36744681
31899042
33934115
33896840
31992745
36256566
35012965
33420783
32354675
31520832
38804907
36811231
31841400
36813361
36476582
36626477
31750628
38129775
34070275
37424464
37322540
33259984
34596318
34543386
33904362
38759011
33460619
37018587
33548268
33715299
35751619
36372959
35345990
36995136
35059722
30913947
31810814
36416632
37038120
34057802
33198569
36029077
32041525
34334393
31625472
33747345
35930316
34634495
34217830
37705286
37516021
36630532
34179863
36334026
35380901
34911481
34718566
35011591
39062884
32687722
33074240
35342086
37874084
33711690
32327491
37263597
36872646
32279575
38747525
35820405
36641664
34525932
32675416
34986891
33789730
37927265
37016409
31814316
33046144
32404947
36436355
37482990
31985460
36289565
37490246
31879863
37879942
34973385
34028172
34203244
33164929
33814442
38285515
37494832
35577241
34229262
38561021
35133003
34742710
37435983
34615409
32417776
32751107
37594028
30521375
37874108
35491775
31532495
34400574
32088972
33216026
37781799
34999789
33112020
32605603
31665233
36892630
32508326
32539459
36380395
33494425
34647272
35466937
35266140
37182887
38355598
32924095
37589449
33652057
35234335
36373315
37874109
38189751
34606212
34380435
31639281
38479477
35858831
34687299
33998537
33479841
37509132
36442200
31755119
37681845
32250306
30309253
38088063
34173272
31486140
33250623
33546118
37212603
32886748
37013498
33250624
33023920
35103240
31884469
38485038
39008552
34224794
34863115
35670352
38627753
32827106
31899366
32681411
31386222
32789474
30714541
31611055
33860462
37702162
33882496
34719492
32299272
34315645
32772629
33352944
31929157
31796672
32321393
38390841
37167701
32552688
32741240
34080740
35147543
34842187
35723104
32302946
37953911
34366333
35927285
30588827
32183673
37354755
38454901
32613666
31726496
31978120
31131787
37857301
37347493
35910833
34218779
35362093
31347192
32925041
33411734
35723100
31903993
38706287
34344910
37151076
38702043
37211844
31545384
31891941
34101795
32230914
37667196
37955090
31288544
31280302
38554257
33971669
34039426
34120901
38324244
34926365
32282723
33663363
31789566
35094057
34208482
37462105
36056405
37047994
38578895
38497237
33356820
38194484
33883028
35199931
31402375
38416540
33550928
38768645
35004586
33750334
38400713
38127408
37855270
38629481
37759100
34951365
38661827
38669529
32458360
35838312
38489173
37334611
38087383
31912482
32516764
38892605
38820017
38834246
31941578
38768546
36120808
30869990
32505710
36825796
34585216
33138082
34511121
38539279
36637058
36278469
37172582
31738402
31128096
38258621
32310175
36840665
34563269
39028752
33772304
35797766
36502331
33009040
31134870
36199177
32560701
36189588
36356799
32525547
32716361
32811414
37694364
36314503
36965096
36180965
35275544
37694796
37532510
34750931
37204754
31888732
35180111
36342333
36938733
37070972
32468546
35759719
34996522
37543608
35886711
31426726
35981552
33220712
33186456
35428922
34690143
32920626
33832801
36373873
36571791
31324380
38456477
38977137
36184924
36244197
37551793
38548879
37125546
34208454
35723099
37889270
31920164
35694926
38860660
34755541
32246530
37355895
36648118
32178805
30629123
33881211
32951497
35642568
35534904
37440260
33752763
35507999
36533453
37392416
37224462
36776066
36336928
38456452
35718861
37878745
33215849
35001888
35098976
32053074
31755298
31684764
33935087
33621696
33527720
31964412
34447996
32935181
34753917
36097005
34375545
31929161
37913646
31721488
35562259
33906631
34102974
37482999
37381712
38300796
37878811
37357288
34052751
34310015
34908159
36100010
30947755
32925037
38965455
36165422
37199965
32369599
34464879
38593394
34554056
33624322
35476062
36776052
38217602
34482637
31478918
33039199
34547718
36179481
33966489
33407219
37182882
35193041
31918768
35580113
35831848
31658917
37668467
38663907
33432426
33395386
35033073
33252084
39044520
32361946
34515123
35543162
34310039
35660522
38848188
32161075
38270045
38206365
31843808
36293946
38552138
33605860
37233882
38339934
31804354
38452244
32899101
35889838
33216031
31785839
36442203
38154509
32138542
33666880
33527403
37669910
38490074
31248770
32597801
37464028
32496814
32280099
38715252
32264807
32284086
33045243
33340685
35709556
37757939
35490390
35694918
37743478
35285942
37355902
38230720
32294542
38374735
36850510
31838489
37852556
33674895
33138782
32979515
35202456
38713811
32010921
35811533
38908359
38583419
36893987
36541440
34120898
33153131
36210219
37908054
31759880
34562352
37547953
34219737
31563535
35093678
33036701
37542312
32257964
36209495
35662119
37231438
37038102
36155515
37280149
36404544
32418522
29447107
37483008
34225797
36849969
35739484
32333589
34569492
35379149
34270750
36048971
34445231
37698187
31444704
31536753
33865943
30584145
35612546
36597404
32183162
34958041
33210215
38069542
37218539
33663019
34175231
33071189
36282451
38679805
31712553
38306056
36102595
31691546
38531951
34719495
33569566
35786312
38582095
33327909
35180110
38851772
38161428
34099103
38811627
32228421
38977507
33819146
32299715
38319476
36876954
33673250
35543001
33129280
31112230
37483119
37852774
36435391
38517784
34983978
38708587
37780846
32224618
34385591
32304374
37603931
36341846
35866735
38055626
37545241
34590409
32057896
37839560
33956862
37450489
33361592
31904767
33579841
36660894
32152461
38711107
34423504
32167408
37557082
36931477
33853894
38658973
33459229
38601491
35799435
33872681
32003417
36729144
37496373
31510848
29304203
37649070
33723628
37073874
37357294
33646167
36281681
38713670
38517924
32162143
35034116
36905902
32369706
36199070
38869510
37253123
36854141
33612540
38015386
37875673
38306057
32736994
35879909
32826426
34961556
33803913
36192349
35379344
33780424
35184372
37567819
37561556
31014115
31753288
36065095
36777777
32854858
33099001
37510309
35436383
36281671
34978132
38181731
31587995
35985445
36476432
37788819
38031039
31894743
31686372
29865902
35218291
34348635
35472166
35230090
37057687
33858198
31601074
29457466
38030988
32789951
37067896
36284403
37551672
35604034
37561963
32426924
35611326
38147416
32809985
32557841
36842452
32716358
36970899
37246509
34259337
34146512
33136301
35817836
30049239
35183180
37336975
35482891
37540395
37128875
37357520
35304983
37516848
35980599
33380791
35940309
31677936
32543781
32909259
33401309
33455605
35842055
31563256
33500386
37519032
36372297
37422636
33094539
37415444
38215191
32013658
32249070
32723533
35234529
36368648
34867782
39080744
34042511
34090221
38379184
33407913
37106470
33688996
38734612
31364381
32990494
31434623
36281668
32597127
38007658
33007627
33971965
35979434
34605858
34785304
38070888
32020790
32112183
33740274
37684260
33337371
32753441
37248909
36180237
38642588
35389071
33844014
38270269
37951931
32801201
37865274
34725017
36739588
31729244
31322657
30855070
38266702
34132461
37468390
35679806
38040087
36007215
37917293
35767676
33998323
32085610
35113485
36603208
35811519
38015951
38415908
33107811
34381308
34806607
35852087
36045496
38053483
36997127
35964177
37989993
37269007
38914947
36641673
35182737
33313639
37357276
36482759
35133187
37157144
36296686
37407259
31331724
38010651
34031961
34050719
37311202
35094588
36195639
35859507
35420258
34918337
31656052
35556149
33009542
34569954
34168021
31774837
38427490
39016600
37654029
34554982
34479181
33792187
33104029
32821996
33583479
33348089
35711676
33419480
32309439
32609745
33185594
31305319
34847795
37463839
32986665
32597941
38224278
33084241
37061845
34756134
37182880
37874107
36279115
38215053
37834197
35951777
38183363
38443298
32608300
34415217
37333848
33962665
31884487
30375237
34922475
35767152
36748965
34697638
38509777
38235531
37354067
34679171
38964884
34907696
36166485
38087316
37738896
32853207
37125552
32797165
33459717
33144516
32027776
34844480
37974164
37289845
32748322
38994939
37181722
35859075
37182874
36641671
34965472
31455459
34837494
37843849
34274071
35400321
31054115
35431236
33993493
32954402
37349795
37390354
37231705
37126513
31791137
34598664
33720889
35624487
30265564
37247433
36408825
31656109
32202593
37468900
31840539
36919460
30883996
38346025
38696876
36323521
38365381
33947463
37501632
37195665
36419201
38961390
36522755
36972279
38447103
35871337
35348586
35811525
34632537
36725819
35607703
37436588
35599493
34009667
35123591
37927266
38932579
38981112
34372731
36544399
34610111
35098811
37279617
37819751
32472959
36321615
38038630
36943490
35616950
38427184
36287554
33426095
33467967
38284858
35918447
38306029
32711556
38153336
34978125
38845738
34585218
34424808
33318368
33388800
34982206
38493859
33238781
36374494
35414037
33008756
38538198
36445883
33078687
38697041
32860945
38365146
31466934
36242017
32949145
37144996
32290875
32037030
38146099
36515452
38606661
37488506
38621995
34024841
32957414
35171074
31957480
35124395
36067094
38506627
30304477
33904814
31611872
35417628
35697354
36970911
32725468
38589220
32540234
38359997
32144983
36245375
34802177
35525977
38042163
36430248
32233813
34492709
31706889
33946957
35388625
31641104
37955089
37386779
37630357
38298163
31218511
35767430
36946450
32840330
33538195
37414157
34081893
34590304
34034033
35142047
31527913
32366948
32116006
38597160
30836018
37177846
34382208
37086959
35124647
31006162
31293044
37984591
31355423
33074286
33121534
33077022
35135524
35697880
31236955
34420950
38511785
34873816
35501721
34057090
33273636
34931394
32348372
37874110
33090226
35351783
36171428
32070025
32989367
37357297
36109714
34794709
32617597
35212389
37536975
38478792
32469871
37605496
32783241
37493607
37316312
32663588
34303293
37905593
38506275
35161551
37446074
32107741
38112907
36524301
37141452
36450605
37889891
31800379
35639372
31797769
33601227
34622235
34937778
37155702
38717935
31949159
31950603
32628119
37074203
35351024
37792627
31870177
36183356
37655598
37092692
33211489
35470685
37156179
33407727
37149000
36475976
34536819
36549548
34102642
36625134
36384636
33545345
33166929
31335456
33778998
36780974
36266620
38674150
38182985
38306033
31708380
34609497
38729525
35853395
29851748
35945795
32573765
32049727
34464082
34864666
37118015
37263261
33847046
37930669
32195637
35950762
35618112
38776513
36991100
38263370
38103074
35728463
36078239
35912847
36289000
33152005
38877658
34281103
32009453
37742655
38643230
38373985
35726136
34360264
35687701
36479814
35065615
38374758
34990931
36071110
38217594
36849240
34066049
37624998
33320335
33734483
35856469
37574732
34284892
30588841
37548882
37605014
32667652
35770371
35532912
36050589
39044489
37738515
36179945
36129041
32790155
35985024
35697505
31996451
35753054
32803865
38908839
37148055
37382492
30649596
38445496
37220890
36692879
34476815
34334404
34192666
35850033
35977320
33271079
37902027
36870337
35489133
37422286
37079306
32563897
34424058
35464157
37976095
36525834
31269816
36894900
32567751
37813589
32301334
34764172
36739622
35348467
34014561
35491781
32584472
34662373
32646635
38226519
37580163
36214228
38877688
35339996
38365811
36630223
38290836
31771064
33741639
34255351
31933378
36293666
37100306
34113981
33567363
34564897
33757605
34099642
33810505
37872791
36781410
35938435
38217356
33028631
37458034
37742635
33476569
36368762
36508390
37937749
33827690
38460119
31692559
35841244
34525960
36550893
33676832
37921042
38688467
37244365
32546992
36919891
38400524
35243896
36318594
38240240
37106340
33076948
33323916
34769752
36229634
34670519
35140874
35996093
38843869
36370751
32171246
38007645
38165367
33630768
30761974
35838179
33044305
32709662
31746461
33572566
37725912
37419460
31595772
38966948
33646980
38133896
32565452
38347655
31657825
34137853
37675938
37407257
31634541
34387336
33079159
38069571
33300605
32251456
37620614
32815229
36056631
35678408
34370647
38875036
31535271
33484297
37988079
38669530
37294606
34313331
36404026
37643212
31764802
36380274
34338426
35751894
38518526
35077820
37145978
36768440
35226041
35641309
34082625
32993668
35618838
35354581
33918186
35834250
35001032
36628782
32773392
32300799
32342225
32019621
32452861
35590272
30269532
34420970
33925434
36318754
38669533
37038818
36647450
37355893
37248895
37939982
35361653
33025584
32703186
37762325
38471046
35484831
35321599
35379992
32312342
36638231
38471064
34380424
35511175
37788381
38669535
31961762
31771057
36214568
34120906
38038280
31645469
34116363
32191630
37321821
35985823
37647071
34120175
37073873
35709536
35149105
35298477
30915930
31418476
34744079
37438127
34090726
37248036
34431373
32799211
33565618
32488931
36175148
37225431
35676090
38175995
36096678
35938251
33879099
36335854
35561586
35805421
35696371
32680943
35732594
32759188
35341916
35977443
34250940
33882498
34488653
33430940
34247577
38032638
38814061
35508396
31617930
31585368
32574350
36469116
30895444
34167127
37635661
33524806
33185595
36251929
31677388
36674637
38642387
32478662
34057776
38368378
36870366
38482967
31974810
33835152
34633321
37537887
33589841
36760102
38567686
34776442
37541842
37357824
34877794
35491779
32641520
36961460
36927883
32441331
32039839
34901268
36128778
32236400
33293549
36166229
34806609
32280086
34507341
34577423
31742723
37054493
31786409
35228332
33165931
36670204
35689187
35349875
34759053
33987775
37951418
31397865
33763822
37476853
36156062
37822116
33534811
34852017
35510611
38885933
34776448
37267121
33367621
37355906
34916245
33465108
31476096
37279596
35608965
37163244
34906982
33985452
35098979
33172388
35444051
33827107
34180414
31439074
30957843
33246338
30246620
34285378
33336223
33197199
34758073
35246064
38874322
38290090
33401952
32732300
35406081
33720887
38689281
31812000
34602046
35718864
36178003
32925028
33429394
32883384
32427599
32609320
38640160
33631006
31397482
34918146
36342703
34372985
33121510
34393190
33579847
35004583
32761172
31958978
37541841
34075783
34260040
31706897
32648923
32557783
31668594
30318901
33736506
32757750
38848182
37258299
32476553
31046115
37871120
31502533
33949259
32505084
32241710
33717189
34979671
38086057
38297202
38485124
33169520
32964577
32402115
33860599
38905046
32959489
33529220
33902300
37643720
37005561
34962459
34577171
32081028
38085406
33487058
34370003
36167652
32096857
35894569
34058649
34869170
38759003
33331917
33516674
34503413
38237342
32735555
37823970
33900044
37837999
38448300
34796159
32326995
36650628
31179965
38189750
37173818
35507780
33971764
38788079
31914231
36343014
36104859
35636733
32925031
36272760
32035595
31309916
33768718
32729446
38701147
39044522
36726285
35666527
37750713
38905041
35325508
31585377
32272551
34414870
36870364
32020382
37661887
35586889
37543368
31604673
35917086
36927428
36411041
33814449
32131451
34246180
38064794
37874101
33888037
36276340
38875043
37562449
34668409
32882383
30531122
31749651
34535274
33100055
38728188
38108284
37638429
32925063
32164678
32310160
36674852
37120339
31011884
34160299
30584790
32308012
34297895
34192416
32799578
38273288
31493520
33124477
33866848
38618991
36398491
38869929
36093730
30840060
31815698
38306040
35866228
32766741
32250302
36339131
37927256
38671538
36599517
33646358
38250778
34311421
32058811
32538850
34864658
33317512
33971836
32578451
31676234
35527545
33569565
38408576
37015302
35495069
32175594
34006157
35964188
31749018
37092224
36988378
31914223
36193827
37393506
34647482
38461501
32474392
32677553
37483004
33242974
34342379
33900525
32447570
38848174
34024821
32030995
37991327
38758999
29947251
36525422
38250769
34586066
31914905
37559392
34253273
38520944
31830801
37052173
32920988
34711099
33159430
38875034
34950607
35404274
37674299
35264118
36977124
37781806
37334589
34151791
34412570
32497369
38425465
34670843
36054521
31335169
38113521
33472172
33661580
34450352
38843871
35450946
35971778
32583858
36150465
35195497
36782122
33982633
33649769
38965464
33016919
34614170
34384369
32589277
38476485
35838118
35731828
33429038
38848187
36342022
32841101
39092005
38422998
33098137
35713015
35527548
32235884
34233212
33410594
38134032
37171018
37355903
34893448
36083416
32419152
32223428
31996078
33329571
35855574
37972862
30223708
32092157
34814099
38143352
35356837
31059564
38068731
35473668
33775259
34015687
31309906
37987697
33356641
34306314
35868967
38943089
35213371
30497302
33469518
35574812
31451912
30081663
37879043
35543005
38007668
34962993
37660155
36075074
35793088
32772603
35733122
32249596
33597663
33563987
38728191
36976719
38759002
35379177
33967040
37288758
32864906
31866419
39076423
34060060
38106655
32076055
31568713
31409541
37955085
35938246
35634850
35247788
32944997
38330399
36905286
32955656
34233133
32253158
37952979
35917199
38263061
33363094
34151638
32921273
34368037
34843513
38100191
37984835
32654358
38054851
31783058
31183671
38249406
36868873
35430902
32588971
34940948
36048568
38701144
36268979
38443003
38728564
33708226
37148997
36698219
37341205
37742638
36341847
31119696
37927262
36692092
32402985
38393905
37678415
38438772
37742645
38515012
38173265
36908005
38165146
37783362
34459396
37751591
33467891
32353401
31727000
34486887
38506636
37162686
38908668
37596302
34985325
37463853
36892027
34871738
37782357
32050779
37133727
37130742
38744041
37513547
34243604
37424471
34324633
38706281
34542075
36637034
35695217
37832735
33623075
39031362
36773564
36149829
29471360
38968051
34574619
35334800
34314593
33185602
37955092
37840497
37742637
37702339
32503536
33858515
33838045
34433132
32611588
33554909
32213642
32176709
35844606
32892399
32200561
34030615
32166707
34890793
34166620
33480172
36301650
36560290
30085104
38607756
33049726
37840495
37038817
35779988
37548525
38346414
35410437
34403124
34786837
33687889
35254743
32164544
38732796
36554618
37668827
35397116
32592458
37572061
36347263
38306034
33171772
37957919
37834373
36899371
32516966
33217785
38506125
38831432
37288795
37935530
37477003
35118637
34254381
35764920
36811160
33516078
34942135
31597548
32335226
33481988
38743015
32752937
38288940
35718600
35069588
35441699
38306041
35346414
35043452
36880250
32741644
33254580
35128725
34727174
37081958
34695238
35193028
31631020
34384490
32989103
38786025
35630584
33439369
31314148
37927856
36776058
36196647
34565622
32386493
31784190
30312371
32589283
32636320
38226510
32958332
34319151
34662699
32416731
35460578
37657942
32830216
34197161
31220475
34290115
31926437
37184133
32097439
34193490
37581839
33834890
38655803
33750362
35078349
31416342
38353984
33459646
37428408
36331813
34314956
35139052
33356486
35613930
34844240
34146517
37876144
33186745
35954522
38877662
32279541
35452803
35852256
36049219
32370954
32591831
32941425
32434925
37429842
33285630
38553143
37650756
31430396
37861051
38872204
34874063
34360799
37321832
33982630
34842186
34841618
34043628
38866169
34127029
38973807
34288226
34379124
33399067
32668607
37357303
38778325
38507884
37380967
31300193
34741539
36821951
35434855
33491029
36585910
38684486
33280862
33057404
36858467
37210624
38549555
36973497
34862586
36933278
32139382
32522153
32991626
34334439
31240308
31284290
34032347
38929036
31454082
32741834
33779684
35327643
33272213
31825066
35889774
36988818
37634335
34174392
34248422
32776698
34552904
33736706
31771759
36739557
35235699
31918064
31980375
31634443
32412719
37948972
34818985
37869909
32921207
32893720
32216870
33742194
32568358
35445687
35285972
37329227
33227157
34378777
31476229
38626720
37015322
35758171
36995582
31722961
34890469
34761323
34521111
38937933
36111689
31488131
38226956
31446828
32401135
33935076
31543086
35042501
35431244
31256633
36876335
37218405
37774459
36345823
32920022
33949810
32679516
37897802
36493726
34853178
31674230
38275208
38438012
37140795
34128760
37115225
34709141
31654039
31107293
33833827
37450303
32043303
31503136
34905804
32295824
32249853
35543174
31860001
36852819
36933413
37393057
35709193
31806199
35473418
31734120
32166481
37021413
36087108
34569854
38003583
33461034
31842726
38575115
38147405
36376937
35184070
34153553
35627660
33250621
35438067
36114711
31159629
37768660
36430097
32091597
38695968
36814116
37993270
31884460
31948505
35343730
37947540
31725853
37477277
31710305
34167366
34724033
37249049
32669640
35347843
34281008
38227890
31530225
37387524
35929840
32342664
35997533
35876839
33331854
34465384
37661880
32236396
33685281
33588157
38762556
35867388
37845509
35754983
35432207
36134646
33480157
35748921
35646776
36724372
35980784
33779204
31718290
35661072
35333361
31195021
38710005
36085237
38064294
34828374
36414424
37773496
38243627
33253192
37633302
32109272
34031194
34910735
31743721
36349964
32552216
32463542
32415668
31183502
36833896
37478886
33870735
35771577
38857069
37580148
38717325
38155441
37738048
33630089
32614887
37517100
36827280
34726461
35748597
33756103
38180808
32122378
35906190
36394262
35430874
37085796
38906618
35179257
32931560
31425587
35329128
37506951
36700514
33417728
34338761
35084341
35104057
33289449
34560903
37955923
30278794
33278917
32282019
37441645
37068007
34538105
31815652
32100619
33097597
36227593
35352609
37494038
32847955
37823746
34789494
37173809
34092629
35373386
37594961
36603135
35103385
34310036
31388106
33046355
38518090
34061824
34919343
34397745
34365016
34219713
32732295
35436225
33100134
34176528
31273677
39048987
34077830
35029675
32948549
38150567
35138872
32699239
37120436
34088871
34775332
32109663
33631332
32083676
31619361
32287048
31611326
36308914
33046051
36790027
37224791
34668650
34278954
36731429
36273484
37167559
36268684
36031893
34775210
33655975
35512113
31387659
37330559
36656086
35921260
35980281
37086427
34853363
33754317
32831203
38252898
34480857
37156615
37698858
35852852
38643971
36319960
34974838
36453627
32539075
32293314
32859156
36188718
33960523
36222321
36099407
32159731
32756073
37015979
35315915
37097768
31926436
38048131
34272952
33350583
37302021
35247358
37855140
31160259
32778876
32858229
35228334
35377879
32400901
31738191
35585724
35299231
38291425
32738383
37199336
31917808
37676928
31493037
36948596
35168368
31665502
33663414
32745512
38922331
34848552
37917057
32960852
32282058
36897581
37249534
34889945
37473411
38204182
38842914
38889383
34151803
32461136
37082807
37683098
35886474
38485433
31747780
37788484
37231971
36877520
34089652
35296246
39052288
34806230
38349015
37798224
38705153
33136137
37093602
30535050
35254390
37450299
33504953
37641505
32122325
32981668
34786697
37531110
36733279
36780143
34073619
34969940
33271552
33046718
38581544
32418499
32969833
34038522
32839459
38101486
35224525
34609487
33549267
31095735
38967926
32269113
34192894
35064280
31187137
35880960
38245754
33153444
37870843
36502322
37010868
37102417
39047204
37522255
34280191
32511690
38779879
32733030
34609493
36219139
32071114
31981370
38468511
36162695
32720874
38618787
35977228
34028124
33323224
37975778
32764085
32108148
31825466
34459397
32408813
36821176
36401262
36164995
35943854
35428871
37236211
34034295
34865577
34465186
34999366
37138329
37608741
37482528
33549803
31664920
31821869
33930320
37779173
33510174
36490272
36282189
37028139
35039101
31293018
33273363
36821177
36413364
32887591
36716967
37005116
33857453
31647572
38877664
35085396
34174196
36849590
38703765
35922433
34286691
31525191
31250262
32101309
36288905
35212167
38763517
37615480
31636452
38134264
38272015
37069360
36213999
38642570
38641570
31870233
37708241
32697766
36410013
33860718
36180795
38374256
31665216
37352211
36575460
32963231
37278994
34493871
33044802
38165676
35697829
38582094
34887591
33568819
32372009
35551307
38689001
38484753
33230300
36224396
35931049
31673082
36774440
30617275