33516818
38381674
36310536
32615147
37866486
32603820
35347644
33280888
36565128
34520319
33066592
33458891
31964800
36958727
35912749
33509204
35177290
32003800
37698424
35197102
37694361
34429057
35013934
32970519
35196653
32090565
35840796
35084721
32481282
34550494
36803484
37357299
38037912
32650427
37663829
37815901
37496307
35232367
33428128
37402937
35272816
37569401
33033321
38615895
35543001
32008856
36738268
36376773
31916975
33993493
33185601
32545484
35996080
30968345
37204806
36917885
38129775
34446742
37612284
31820476
37296599
33792886
36120784
33896840
33459643
37349974
35450536
38191034
36056834
36077418
36447194
35229696
38265228
35964179
31619081
36640138
36372959
36843146
39062547
38401847
38759015
36872783
35820373
35491785
32468467
33789277
36499362
35841256
38807051
33527694
35866715
35257810
36323463
31656109
32041525
35951777
32651325
34010112
35766623
37114952
36281671
35888625
37705286
32285577
34863823
35213778
38377442
32711664
36244060
31987214
35027079
34923042
34218735
38462158
38018372
34713772
36749854
36617779
33251540
38891990
31256608
37382144
33371834
32675413
34544117
38682213
36058959
35532111
33252621
38253907
32759192
35146847
35733219
36527582
35712884
32949638
33372875
33044179
37066915
35732234
37840486
34007305
34127075
36720642
32314201
37413741
37670234
35215469
34826049
34217798
33463089
37638440
35133003
34477536
32912233
35491788
36556907
33285443
37913734
36797987
31846243
35856794
34692825
34647272
34530438
36086405
33426916
37061546
35410602
34435898
33579844
36469682
35379127
33023653
35346005
35466937
34152582
37990912
35811533
30955343
36850008
37487556
32881347
33769219
34606212
37650321
38482617
31743997
38323508
38141185
37931333
33012297
31386938
36872523
37322073
31056667
32138626
36594914
31341111
37219410
34359997
37337358
33250624
32696903
32878058
29457466
37870893
33337371
33035604
38598986
32035129
38701143
33935093
32052659
37874097
34542077
32951701
36142042
38389390
37682415
32862331
37212603
34527172
35028746
34607104
38143359
32165212
34569950
38031663
32388335
31791679
33993623
33864416
35367397
38157526
35213786
32282723
38583419
31556366
34991360
31504056
37995949
38426448
36847011
32408057
31325024
32665410
35723104
35088386
31326523
38104851
33020412
32043803
35671869
32111391
31476630
31726496
32636170
32730855
37857301
34994301
38789042
35209817
39024352
34125847
32965437
38191694
32369706
37132109
31556977
31853655
38064106
34120901
30676089
38821418
31677936
35662117
36199070
38157492
36429962
38688882
34418507
38627686
34409904
33252088
31545384
33445607
35013923
31936865
34657890
38521051
37856321
36576695
32204957
38906182
34151815
36208464
34332094
35199931
36097266
32643852
34090727
37541932
38898411
35634747
37807783
31104335
32372468
36281686
33761292
33168064
38403287
36045496
38489173
34951365
36931816
37733209
38629297
32016694
34511121
31139959
35811526
33492286
32804145
32505710
31817315
36251109
38474861
36674771
33002645
38509777
37356069
34047408
35543007
37241177
34479168
31012763
38816991
34415062
31248465
39085956
32614371
32609399
32753051
36833870
34268286
38258621
34029287
32584154
36325840
32302267
38842660
33964608
38616012
35343562
34615922
31868667
32955462
35989212
31755537
36502331
36748826
38865432
34704869
35210486
31861987
31901122
31760522
38393909
34244708
31591314
32969281
31881366
37278929
33971348
34388948
37545241
35176561
33725358
30955411
36852663
35068458
35362093
35440227
34175231
36941651
38232788
33984245
36093903
32813409
38250780
34690140
38977137
34598665
36564192
33952308
32083585
32010926
34029863
31435771
35599485
38860660
35583388
34948942
31889559
36776056
33516287
37824581
32654626
33337379
36776050
34313182
37131229
32246530
38302993
33418512
37571654
30309254
32111242
37654085
33104033
31426726
37391766
37927268
31305319
31794398
37874101
34371179
36747327
37058531
34463238
37878413
37846130
31412703
29762752
31561128
33070098
33252084
31721488
34725017
36881929
34101785
38300883
38165336
38553838
37482999
38636196
36872776
35382259
33787634
35465730
37068007
35226409
28799411
32311609
33136095
38287370
30994913
32530832
34080532
35773707
38511785
34303310
38230711
32886438
32333587
38277289
38848191
33554916
32909259
32130401
31511111
29865902
36655345
34279198
33054577
37083937
37679996
31328305
33814451
33648793
34647229
30827122
32538838
28027651
38431989
37541423
37385974
32174124
31664323
38393910
32696973
38851719
38263387
31692559
36293946
34488745
39038859
31177340
33393804
31784374
34687726
38160354
36201963
34986767
37725088
34743297
37211844
38114762
37980675
38258504
31271821
33091537
36964606
38100638
37405620
33180258
32851951
35404285
36771152
38634361
30852709
35147543
33747345
31235344
32011757
32096091
34933129
38914947
37482994
33939228
34924381
36509298
34841902
36552875
38870704
37740921
38374744
32281039
34407024
33935089
37482057
38654366
36403981
35709880
36961750
34509587
34420505
35916343
37675624
38513667
34818648
33967046
37882364
33044181
35536331
35542992
38224658
32925060
37419076
32925041
38167083
34710256
38365046
37302036
37088582
36078496
35452628
34686782
33935072
34769677
35726411
35955061
32429787
32166659
37494832
33527855
32784855
32991048
35090530
38706421
35566132
31585875
37489795
33631471
36173068
38468529
35930316
31932050
37873914
36436137
36497772
31715236
30309253
37120169
36243827
36342582
34715151
36971436
35398507
37857110
38346025
35048805
33325586
37390962
34528736
35767471
31739167
32474469
32716359
37079810
38743017
32304290
35983158
36464806
35184367
37794326
38400532
35720333
37106429
38227208
33152028
36353281
38056216
35204750
36630749
36786375
35333348
32212217
32058804
32536247
31590101
38491747
38695952
31541581
34537768
35114208
39044488
37296082
37594028
37467641
31678502
33789290
35863541
35602645
34416157
38189755
36587227
35227184
37919079
32326589
36509083
32920623
31773862
38630575
33749644
36048437
35456509
37130822
38886007
31842672
34882830
36567300
34525932
29504489
37743478
34103175
38630416
32224069
31879184
35904303
34289074
37935216
33087034
38824515
37718813
35538502
35844883
35056368
37847125
34931130
38038609
32388509
34569690
31375205
37125545
34494298
32266063
34472899
37643982
36917318
36613679
31989900
35286012
36581185
32023927
32019392
33361593
36193864
37298510
35231846
32181754
38676443
37734576
34118921
34879329
34372927
31511066
35341762
34591731
32796870
30869990
36189738
33386806
35144684
37244656
37382195
34544351
37384934
33640881
33765428
37381712
37728579
38801124
36806511
34502477
33528089
38341949
32050773
35636323
31111399
34581485
35367968
36209301
32093751
38858800
35220681
36613988
36555837
33189129
31463927
38104638
37865996
34447996
34813026
38704608
38427190
38604453
38578895
33843672
36273347
33941241
34978595
38373595
32875981
32929366
33006250
31665233
35770411
31639181
33583371
31208244
37517389
37212111
33472498
29504488
38003723
33078687
34879800
37212122
39044520
32556533
34315645
32539459
34427178
34870885
32568190
31207466
34826792
38823062
32104201
32320844
35345990
38629481
37049419
34890930
36901729
37610441
35146638
34238525
35366586
31235249
37458034
37740673
37787414
35436287
33835723
32089390
35710959
35781536
32325190
35275527
37149995
39044521
32605603
36688583
34931963
37735992
38614371
34636299
37042028
33687906
32925046
35331816
32178805
33037589
30912669
31929167
36806506
31617930
37295421
38018492
31761676
38331332
34334777
31820484
36786148
34676939
34510292
34423504
32788669
34767070
35347084
38182883
31600312
31886494
36057817
37581834
37797205
35004586
35491776
33098511
31195021
33673455
38127408
35290432
33432426
38648391
35698879
34186009
36709611
34725778
34080526
33382038
37415444
37540906
37852722
34719488
38228652
35738479
32403399
37683959
37357282
38643861
36811307
37312172
33336432
33023629
32804127
31451093
38277299
38007655
38309001
33254429
35713714
33820525
32638506
38804907
38666798
33883015
32780691
32597941
35964541
38431999
37486491
38301647
38288823
33982657
38199813
32301028
33747074
32056347
35007366
38605880
33397436
38518564
38850652
34755541
38254212
36053237
32060334
36947499
32789474
33646514
36914478
38355598
37405389
36995136
34553970
34852746
36191431
37393497
37608620
34032945
32538841
34384484
34545700
32228858
36583624
37087755
38819231
37973486
38012122
38167125
33428127
35366787
38087383
36482678
32007956
37055029
38768086
35910833
33009037
33224974
35648357
33338868
35955758
31705279
33261535
36455485
32969234
34450410
35408965
31513457
36039968
38926456
31786098
34844480
38788073
36375032
36576369
37540343
33264384
34070553
33875021
36100328
36965096
38126321
36516575
38044212
34613391
37000849
36442194
34884940
32690803
38374755
34656869
31933051
38203287
35445359
34847848
37867465
35253759
32264807
36399268
36343247
37108814
37224462
34242808
36937471
32183776
32687722
36522743
36613080
32722509
31422688
32810387
36443979
38308344
34674395
35477163
37296669
37666209
32006383
34151788
34554056
32543351
38599243
37734476
32280088
35655270
33844192
35815546
38175857
37445616
34579627
33427747
33302832
37979699
35012589
36374264
37199965
35367967
37321100
38501315
39062996
34057085
34874148
33183199
37357287
31601293
30626192
32588967
38705362
35982477
37707697
31198088
32116259
33032927
36473124
36707869
37598468
38339935
32623397
38866763
32048957
33465508
30039745
32065800
33074098
37968999
34447367
32973035
33444359
38091553
35491778
31786126
37855270
36048971
38520322
39030788
33196147
32972667
33554905
35287529
38662940
34605891
35761490
36358909
38669527
35342094
35339351
37944706
34331670
35347127
38246483
34292973
32360354
35553424
31722961
32404947
36087875
38759008
34391838
34633321
32699184
31230795
37823581
35451921
37960407
37037158
34685770
35346696
37895161
32324741
30884962
33670778
38109240
33427733
34046870
32525547
38552117
31785839
32597801
35964192
38706272
36314209
34384375
32418522
31611055
33238254
38380882
34029602
38154509
32744957
33527441
38143358
36062842
34176186
34951386
36723444
37571873
35165964
38487969
35894542
33921683
32737201
37856039
37858616
38143352
38892605
36895094
35173531
34717581
35040728
35561640
32183673
38702626
32617740
31280115
34831913
37227846
35408990
33415533
38242212
33763839
33801706
36617783
33858203
32107063
33280613
32973177
36533453
33271491
36383431
37311523
36120808
38768546
33491464
34403739
37321102
38807183
31978130
32979515
38710339
32772629
36583148
33941272
37934614
37146503
38374735
37095250
35694918
35775722
34742710
37534671
36373315
35605597
34214049
38174446
36644856
36154572
38182839
37066909
38157596
37603281
36774647
35927285
35956796
38828741
35338450
32841897
35694981
38608464
36120782
36446753
34266602
37852240
38823204
31846889
36235284
36901826
38230720
38374734
37131241
38308368
36208870
33276505
31581245
37328112
33523004
36120786
34173097
33210215
35543174
32551834
38138445
31230490
32594062
38889642
37482996
36369741
31860368
34245588
32310171
38747539
37104971
36950955
37373304
35393916
37690318
32963633
37450489
37945928
32546157
37524162
33671575
34874485
37279785
32206776
31634898
33998995
33459649
33612543
33455613
38995786
36586468
37476981
38750570
38171251
34975305
31985469
36703180
32804129
37661205
37629078
38908359
32067357
37258519
31563535
36516696
34515874
32256681
31840539
35980072
33354711
38977507
36435391
36167216
33684545
32005868
34218779
31470193
35104564
37823968
38698190
38266702
33036021
32715424
32821996
32091549
32372707
32503473
36932961
36656815
38830318
34401998
33896842
38654300
32170138
36744341
38668648
35181960
34038387
37231438
34817304
34185246
38708587
32871386
35850660
38698692
37464028
37493955
38701149
38706280
32234546
38250773
35395008
38311028
38747495
34486749
36555569
38110590
33310624
38785364
36189596
33336635
38920583
38834246
32721448
31478419
37545243
37231665
36139364
37491358
36155515
33166800
32861777
37561937
34471085
34204109
38310892
36281661
36517172
34755432
38269563
32781877
33618062
35265201
38393903
37866274
32161412
36314202
35727988
33480178
31131744
36006570
39082299
36426363
31695349
31059564
38487186
38874606
29636288
36082494
38517352
36453692
32852147
37452321
35285942
33725267
38666355
37694365
38657362
34958041
38190948
33959952
36501033
32146222
35754277
31543087
36039401
38586875
36543016
35303225
37204754
37483002
33335244
32306982
34563429
32062817
30584145
34612190
32833008
38685682
34973385
31726892
38472335
31874606
38225393
30253659
35015198
31933241
32134856
38791483
37658640
36493618
32533373
32438896
38306056
37943150
35162238
29718387
33682706
31904767
32055966
32462636
38306057
32016624
32413698
36451562
34958015
32858428
36703583
33321518
37087687
38673909
33711690
33297185
33578194
38611758
34768988
31739820
33461093
31833550
35101248
38462603
33395982
35786312
31483196
37603931
36209495
38679634
31614018
34335726
35286657
38823487
32314315
38029367
33513837
36848392
33989726
34091125
38619853
35902016
31382012
37043881
36211819
33002767
36847013
35896105
36041266
33461618
31604111
31684764
34186536
36685605
35938255
38186185
34385591
34926365
34688684
35354197
36871781
35856240
37545237
37847429
35156141
37966923
36428012
36469005
37186997
31894743
33586092
33583373
37176076
34225797
31633176
37493186
37679471
36641644
38647197
36139084
29055119
37619852
38869018
37878811
37066908
34674622
32854138
34685563
35985445
37919783
35487442
37557082
35785662
37494768
39000042
38420818
37962810
34202299
33954985
35459147
37522210
34751889
37964328
38471397
36371232
38822365
38114820
36571821
36171258
33192051
38805865
34348635
38768054
33595992
35543004
33250623
33230741
35838658
32483017
33336226
32588984
37495380
38160360
36372804
35678747
34948414
35226303
32203895
35815777
33168021
33745437
33029517
37235711
33320192
38288824
37801063
38433380
32981422
37657740
38661827
35570483
35758153
31342582
37013498
31595422
37491668
33165916
33710771
36062540
31510848
37569888
32025250
35745215
33546118
38830007
33052247
35286534
33872681
38914170
31060389
35120943
36982505
33137359
36709581
36764831
37490963
32842530
35986874
31839612
34078163
33682374
34187609
34732058
38671545
37160863
37490296
37169900
37357294
39020361
37436158
32996171
32162143
34233656
31911519
32006765
34953963
37931533
35887259
38981112
37890053
37875673
35347843
33423129
34601135
34775263
33402198
38615037
32134942
35949106
36994913
32270735
37898823
38374740
36430365
34641674
36242017
37849385
37288753
34825872
37984205
35927804
35542993
34882963
34312772
33226079
37276134
38003544
33525334
34102919
32212051
38105486
32781005
32771860
38093529
35101826
37982671
38762725
33439986
32402117
34690144
35879909
37688656
38241084
35879380
33148155
33017743
37783430
37694796
32772959
37378526
33946944
38290839
31914343
33883028
39004862
36706609
36911940
37511539
38941459
32557841
38005352
37659493
38427250
34089505
33184027
35983893
33903610
35102704
37704283
38215191
33998706
34966443
33099001
38761634
37977223
37540395
31876061
38450606
36530084
31837307
33597014
34470924
37611907
34207526
32333488
36907283
37043115
35871347
34043269
37751832
31324380
34916633
35940309
34718073
37120537
31686372
31822300
32970179
37240413
36182936
38048096
31886524
38987287
34471971
35457009
38713711
31627738
35025095
37172031
36502332
38214975
33216023
37571798
38810690
37949680
36758481
35572351
37182889
38185677
35786652
38968047
37393492
33170091
31744329
33765432
34101304
37713318
35643125
36546606
36615719
38479921
34569951
37334564
37736795
38730470
34362278
32972498
37455555
38667762
36982004
36192349
37950055
36286505
33981355
37291639
37394097
33380791
38010651
33792194
35900661
38458278
32804094
38848188
33244011
37944239
36641675
37889270
38228217
34315132
36398437
35856185
36565121
32162494
31783135
34747789
38565058
34875990
38030988
37909060
38244198
35476397
35657283
34444587
34024837
36574616
32020790
32100307
37916447
38575939
33640268
36240083
38884346
33895633
36821174
33369208
33277246
38056379
33472095
34092785
36745251
35125399
34864547
34187600
37987706
36153747
36269624
32699331
34958042
37037874
36776070
33452627
32415019
35811531
39030261
30519999
34784596
34275270
34758867
38253743
34506700
35702799
37893577
33861355
33216027
32741361
38895921
37980667
36806502
38787369
37414563
36289000
38578887
31520892
35142025
32652518
38160618
38489178
33101276
36065931
38031039
34102974
36203194
32956608
36380226
32772265
33827935
34153688
32861209
31744742
34140060
38961406
37762411
33940559
37694498
36675233
37895137
37707812
38693142
38003628
37246509
36474000
35843348
37483069
31145586
38111332
35164464
35938249
34607518
37667412
31230268
38452935
31469297
37280110
36209638
36291017
34794413
32144980
36579430
34918018
31575976
37227128
32561398
38320262
37207409
31995984
38056211
37357276
37917293
33905124
36997127
36724494
35187991
35543003
38555032
32138542
33443646
33751658
34752954
35969197
35247546
35852556
32220235
38346505
35314498
35305243
34936194
34107555
35570262
30632147
37309219
32342099
36918870
35404287
37138290
34381308
32909371
32085610
32088972
35113485
35392035
35964186
34517222
36682515
34574524
33855860
35565976
35301255
31914229
31518951
33352062
32861245
31320450
38178204
31014115
37066916
38553802
34864667
32398703
31841681
34024820
36565114
35820405
36729500
34464853
38253228
36903320
33851590
36518085
36978190
36174865
37355902
32920625
31186157
33878882
35841250
36153964
37653269
38552111
34862382
37100932
31376192
37526325
36579387
35863567
31567302
35467294
38379184
33407913
36567361
38758934
37973869
31645180
34550903
31832778
38134747
33707488
36344984
35298068
35300725
37212094
31822312
35099509
38349270
33942972
34973457
31969104
31445975
31091485
31942805
36029999
38873321
36695071
37390354
38616346
35279756
36151869
32426924
39085976
35301147
37117993
38088006
38008386
35771435
36404550
32268205
35931864
38167251
33210117
37058191
38494763
35388543
36107840
36929703
32748322
34036731
33922673
36946865
31206731
32584265
38417711
36278354
37992295
35183766
30312371
33115936
35387811
31939203
37633326
36788058
38909218
36508692
32614981
32411643
39044515
38730474
33274833
38244079
36543923
37326904
37598923
37125532
35474398
32996088
37571992
32182160
34153464
37507575
33989962
37220799
34873637
35217635
38374326
34288784
36641667
38329647
38725033
34231781
33851462
36933339
35389071
36870623
34387831
38291734
33009542
32652427
32979927
34786930
31183806
32112183
37696304
31778772
37307834
36840615
37955252
36123122
35476309
31862421
32272780
32065975
35183029
34588168
38612872
38791588
34500769
31843015
34291435
36916529
36777777
34585212
36199077
36648169
32522511
34756134
38658376
32731749
37985230
38267189
38879548
36744338
31656211
30590957
33803344
34978149
35068466
31287605
36641615
38956605
36641671
33515860
37422964
34830337
38176932
31503421
37549144
38016198
34502472
35670831
38732197
34262014
37182880
35430560
38447683
37993780
36789917
36268843
33311478
35064438
32644260
37286480
34450261
37989993
37102212
38418221
37475187
34565139
38263745
38436558
32458857
37354067
36155519
36806992
39026031
32157432
32755557
38528626
31931231
37788819
38421101
33008395
36189728
31942622
35292963
34209820
33886873
37778246
32865457
34529034
32969239
35988219
36527175
35556149
33713418
33675003
38466115
35656899
36622931
38365146
33383402
37118137
32228870
38569338
34663484
34479181
34958038
36676672
37343448
36245376
37352754
35490332
32411323
35570482
34219719
32759190
32540266
33523961
36863211
38031997
33843669
36374471
36503076
34078946
35229425
34729858
37146892
34048087
35968841
37357291
38885931
36683512
37932666
35400321
33930871
35575872
34381452
38253509
32785075
37511207
38015423
32657026
35339896
37118122
35229998
31953648
35964505
33745492
37982183
32942739
33819874
35640460
36361051
37349970
31702488
32896064
38883967
38574400
37433038
34493618
32463071
38419188
32170854
30421351
38104691
35988269
38431278
37357286
33682714
32717861
34598664
37258447
33186636
36155508
35767676
35420258
35253768
32605230
37870702
38443298
38098019
34743296
37519032
33313639
32805344
38257800
31592230
37494948
33612394
32165411
33930186
37927255
31877173
34364094
35187794
36424467
37980298
36408825
36814324
35412854
35630613
38240340
37004752
32226071
36681388
38329281
37401463
32100783
35921217
32027776
36758620
38539269
34419673
33006526
38795783
35142034
35010895
33485373
35466935
34299316
31638736
38061806
35970678
33807157
38275215
32005901
36634906
34590304
37052206
36142637
35142437
37580702
33863993
33016901
36040555
36607335
38635499
34931800
32169012
36195639
36500498
37561950
32591186
31656052
35607703
36227154
32768741
37311202
33302833
34924395
36084009
36211826
38600070
38332140
35964191
36363543
37762384
34166841
32301581
38104129
33859747
34310820
36780143
36856821
37451918
33845719
32684923
37210151
33094810
32278238
37899293
36233130
38330361
36427288
36748965
38206663
37094378
34906229
32662123
33176024
33571701
32306372
38306186
36231236
31199606
36455492
32521474
33749642
33719017
37483000
37218647
38574374
38607755
34502369
38464521
34378488
38555920
35382657
32280090
30375237
35542998
35862400
37843849
35264731
32207675
37307824
36527105
35416570
34275904
35213374
37956505
36834741
33475377
37195665
38365381
33573174
38353228
32571854
30279459
38284858
35196886
34687634
33227783
38925479
37947590
38473895
37534564
36594671
34473671
38488468
30836018
35450525
36982508
37671461
37926851
35377523
36323521
33275069
35968601
33094539
38875039
35986984
31954399
38338870
32847615
38755757
36490316
33931008
37000013
35164860
38041805
38884369
36468416
33398092
33839248
34647694
36189590
34487042
37270665
37096339
34601245
39090738
37038810
36855049
33682933
34663503
36341554
38663682
31978088
36374494
36965457
35213057
37506413
36817649
34292397
34690143
35699274
37126408
35429287
31486140
36868384
36576155
37656905
34569714
32652802
37580163
37125552
38339035
33459717
34106420
37801072
32442817
32484120
34569954
36336915
35794479
37738277
32988409
35776355
31822765
34191112
38001539
37125549
39044505
36048712
38558059
32100619
36189599
32013375
36946604
38760589
38042163
31752864
34581863
36692179
31771068
36901336
34602472
36635730
37176144
37958705
33156950
39027944
37622539
33070372
35667639
33737171
37394882
32779973
38108347
35098811
37607046
34537383
32948549
32193030
35953319
32583212
31111516
32977230
38902659
36162324
31505809
35416404
37950283
38252443
32047067
36109800
36209940
32890393
37697966
38759013
35889273
34664547
32144793
30659514
34374496
34349120
38109077
32291510
38012799
36952096
31506247
36462740
37758805
31686371
38007652
38007656
34524791
37031800
36541134
33415984
34031961
34668959
35094995
35231557
36504126
37735133
31791137
34602486
38184490
36296686
32198621
32123248
32281909
35326480
38543041
34590417
31772681
37511001
35482938
33774535
33307136
36877520
34252201
33571464
38865340
36868635
39014454
38307424
36430248
37212097
34424272
33636170
34308901
39034389
34617306
31387659
35704961
36994950
33583100
35619248
38538198
38382891
33617650
38160351
32167218
32700357
35332316
36382854
38053483
35962936
37925995
32042163
32472387
36813542
38409606
32417775
35931916
35063023
33887586
33749494
32336307
34973350
31982468
32674730
35163527
32924204
33533863
34224153
38069323
32728730
35986812
35764028
38323382
37634815
37555516
32957414
33467967
31818478
37994850
37349795
38070229
38462606
35946429
37832802
37254741
37781899
37573807
37834213
31256221
31600059
34463747
31816444
36901551
35417628
37107675
37913862
34958022
33714024
37748061
37314291
32711556
32124252
31610847
37990437
34569957
34585226
35700626
34140411
33670873
36674415
36194355
33417039
37057990
36330876
31653529
36990217
37922917
32005442
34243818
34924372
32873693
37070249
34482642
37857874
34906975
35616950
38113612
36244197
34267329
34628225
36413420
35929621
34978125
32968032
35167824
31931285
37319104
35286582
36074638
34115933
33108692
36608927
32841074
38568053
35413149
37606986
37874110
37734269
36740800
36047604
31622410
32993718
37433922
31926610
36332572
36453627
35213377
32124700
36889921
35124650
34563258
38814590
31128096
33080295
32674011
32761013
37211336
37924907
35686513
35124647
36709293
31884483
37984853
33238781
35220044
34753116
35177243
34924392
33554912
35864361
37486408
31964443
31682234
32662047
31642932
36840665
35319157
33472953
37489791
37143042
37293930
36841058
34380424
38093257
36768703
34739230
34420950
36795776
37585669
37393500
36892036
38216110
33068737
37060096
32070922
35678398
36759259
36868847
37742648
34041562
36502323
35008451
38514782
38747525
25534515
32500567
38103701
38002295
31556447
37523888
38217593
36724372
38570794
37182888
34481338
37933012
32552741
38104391
35034908
37256757
32290864
37679478
34958873
37908051
36510311
37375662
36102595
36420978
35367443
36281685
31916821
38229119
36224322
32937170
34001020
33322783
35754276
36970911
35431261
37598759
35088670
37417740
35380555
38486040
34545146
35289980
36826395
38012940
34674764
37574730
31426402
33602093
34334393
36931043
37899522
38112907
31820491
32521475
33401892
35648584
36142879
33586848
38400528
36615218
35525977
37585365
38324729
35067420
35351783
37740924
38747315
38485200
35767152
35163460
36103146
35940935
32582986
32486510
35639372
37248300
36574591
35465006
33984176
36788306
38561254
30734228
37721999
36171428
36375407
35482891
32609841
33352157
37079191
34636637
37709531
34229430
31835238
32022122
33683887
37163733
36750875
33395993
33660221
32887382
32783241
38575686
33749568
35472166
35130621
32885763
32737076
38378514
37141452
36266620
37528367
34878460
32462951
33640707
38308793
35178571
32088883
31706889
38506275
33416619
38557424
31472699
30304477
36031892
34242186
35098976
38112863
36637820
33016917
35293067
33067992
38631766
37933827
34315367
37858957
35501721
37355907
37853506
36967222
35891052
37337026
33617919
32844198
38591250
36068612
32353422
37899059
37440197
37302034
31433485
37031726
34425715
34893757
33902654
38527237
33599138
38383723
34931394
35436682
32753068
38378122
34953962
36740156
38170841
34511503
33327914
38492829
35853395
36976538
38007659
38112569
35421108
34585219
36641439
34857772
37280592
32083135
34098466
37149106
35212389
36533639
34711165
31868186
35065615
38749336
38374758
35778717
33460456
32599128
33336877
37892556
36932429
35718469
34752955
37357297
34536819
36104602
34366339
34329196
37798671
37762582
37537902
33030795
34789291
38334009
32610558
38226698
32318783
32949145
35287768
33941254
38732233
36064460
34143938
34334400
33594752
35253623
36116491
37694364
35522006
37950363
33008756
36345036
34538774
38608487
37907134
36799408
36476760
36732296
38242873
34816813
36549548
32218217
35470142
36356475
35379761
38961148
36400215
32141882
37147183
35930281
35697880
31492792
36617501
34091353
36805091
33637039
37806747
37488092
38447587
36539697
37071198
38669546
34697158
38353367
37155177
38267766
33934227
35352105
34464082
35125495
32019621
32486218
32728945
32342664
37671801
32955460
35000160
38193392
34910735
36216800
37463909
35473943
37944579
33971029
33984184
38143355
36267013
37156449
33853894
34311955
35987808
38110916
31587263
37263261
36450605
37047515
37980673
37571224
32989367
38365825
38718507
36981830
37985413
36849240
33786894
35380783
34228129
32827354
38776513
38182581
38956042
33829876
35400348
34992268
35443280
31126722
35776055
33814423
33792478
36682741
37580158
35404972
36915148
31847371
35762452
34851866
30382187
37738515
36071869
35938250
34906980
35404966
38157740
36739351
33331398
35014704
32147939
32207199
36142858
38165338
38141735
38653150
33611334
35805926
31996451
36555093
38141802
32892355
33616398
38232335
38398590
32222542
33058348
35767725
38377704
38472475
32948575
36565204
32667652
32872643
30588841
38544037
36941071
37199108
30861605
35393594
32132401
34625855
35195302
35161551
33733662
35948658
33144220
31868663
33988909
33305467
36706054
36443559
38238285
37253284
33792089
37574732
36852442
38049723
38502899
33578876
37419407
38497928
37128648
33202839
35608903
35579521
34775210
36776057
34493870
31619118
35210294
36697895
38626384
35697505
37921183
37187245
35123529
37221687
36753872
37548125
32906629
37043994
37264166
36811281
38749544
32580974
38908839
31978364
35099448
35422229
35925685
36066181
34101781
36102775
35879306
38019518
35438962
36032542
34777683
38594621
37804847
37902027
35585559
33066046
32049674
35489133
34605039
37463212
33340966
30882155
35729211
36302670
34927249
35086892
37988283
37962543
33646990
34761367
36383328
37040870
35414037
35389894
36858305
37315112
36266256
36902309
37526237
34232918
34182845
33220405
38110970
36586358
33431793
33090224
37482637
33722997
37813589
35670275
33006621
33410555
34090726
38035959
36050589
33798998
35867952
37477141
37382492
34375485
32171317
39044497
32289286
35908673
35348467
38648023
32281389
35072703
38300796
35474192
37423973
32331531
36890259
32155989
35170682
35705959
34215155
38007661
38217356
33563809
37624998
33827690
36630223
33278783
37920945
31418476
38195497
32962736
33522564
32883200
36293666
38892548
31609481
36319270
35532912
31628580
38265198
33250618
36821175
37524532
36026506
37561946
34969380
37679434
39044489
33757605
31185140
34917575
35659469
37940789
38393897
37170858
36625756
33202830
31882005
34662373
36218124
38115150
36870337
32301334
31076215
36920727
37806563
33449094
38324745
36745413
33612145
31813626
35907254
36964431
37488506
37047617
37586881
38332316
34309092
31697073
32961338
35066446
35058635
38744709
37204220
37038190
38575616
35103843
36914051
31615540
31804566
37673952
32542885
35037593
31460675
36509102
35647847
38460119
32567751
34146705
37975513
34151799
36318594
32680825
37079306
33052535
36543253
34509715
38347190
35476062
33573300
34418061
35633882
32749525
33615397
38837661
32777010
35465913
37075301
31918768
36189686
35244642
35220356
35140874
33258176
38071284
34706559
37375383
37629776
31792096
38468203
32481389
31812257
35445880
35131906
36511519
37544835
38038976
35927217
31436318
31918396
36417157
37150266
31914909
38810211
34843329
38199419
32251456
31907067
35253557
36551236
35452800
38520489
31325578
34751120
33646980
35584922
32033277
34097185
34672140
32341240
36912421
32815315
32324139
34969939
38797480
36834685
31595772
36077261
35049127
36370751
35473731
36318754
33159672
34781121
32165447
36274383
37459083
38473794
33408146
38725338
34621898
35678402
32943089
37985486
34065232
37926784
38412412
37419460
37792684
38478804
36555780
38820112
37507779
35653878
38328941
35678408
36315115
38596863
38460116
32643135
37550708
37358589
34366338
34151595
33044305
31453919
33078207
36449219
37939637
36880887
33744328
36803702
37643212
32557783
34112972
31650618
38105274
35913987
32752937
35473760
33381558
37394783
34425832
32604615
36530088
32799211
32088828
37407257
37558161
29313420
31764802
31812977
32184582
33593865
34998485
32502032
33386814
35995589
38573101
36028328
34380754
36056631
35918160
36028327
38448067
34786815
33432239
37743611
38226956
32303272
32312342
32597776
33342280
38165329
35902554
35232820
38410053
37762325
38423192
37939982
37311646
37821047
33859760
31385569
37195467
38606661
36214568
38197437
32272551
33327913
35197359
37695586
34496036
36106698
36166162
31625947
32163114
34927298
32105446
31857299
31158745
35361653
35751775
31486134
32449110
32674523
38007671
38345650
35705500
32919366
36904242
32614834
32139504
38111006
31326211
38297399
38063254
39028627
35446396
36209290
31255881
33949259
34398211
38709510
31745176
30198328
31522977
34294015
37452089
35752549
33722990
32769986
34326203
38569140
35747901
35921104
31804354
37002870
32750315
37441886
37487923
32738518
33298513
32203525
35598420
36000528
36647450
35570491
37913984
31588880
36674637
34686968
35511175
37850544
30421086
36893045
32759188
33918360
34479171
35228741
38548196
33686788
36988319
33713321
36302666
31898332
32932702
38056505
37085773
36939561
34093436
33509183
34132447
32273431
38339898
34415727
35317127
32646634
36375591
31800379
38618991
33407219
32383032
31964689
31958978
32608133
34180956
35482313
31223056
38306599
32503536
35633386
34877794
38330399
32145467
32723218
32522153
31786457
38106895
33317730
36166229
36201209
38830138
32444477
36726285
32475993
30967164
36234916
33363094
36128778
37191959
37736669
32098405
37768248
38874309
34143617
33077022
35098979
35025861
36898849
33410601
33164253
37704219
34232071
37163244
37233882
31752166
34261452
33030307
34864666
37732415
36927883
36660894
32452861
36800287
32713125
32242832
38225615
31182509
33676832
32845647
35794069
38048134
33280250
32178608
38755756
35445687
34870676
35793739
33979700
38254662
34151804
35006106
38461761
37466059
32159519
32964925
37174185
34479720
32092157
38271742
33006384
33535681
33827107
37552152
38875035
38669533
35797176
31443769
37229702
32455936
30584790
38759002
31917277
34372985
32652635
36508390
38875036
33051989
32497369
38189750
33185610
33453944
32614686
35764920
37478886
32416731
32748851
34351188
33847046
33674892
32589278
37879939
38072670
33081626
32054507
34793264
31119696
37437419
32081028
31778120
38616345
33104029
37258299
35495069
34614170
36339192
32975172
31924269
37312013
37355903
36388286
31640462
30428687
38880341
33888037
38640158
33957073
37335551
30419182
36682145
38943393
33768718
36029516
33882498
35730709
37418207
31913961
31159629
36842068
31674230
33998546
38644682
34503413
35213371
32781742
38520366
31699832
31153977
32267801
37979338
31204814
31220475
38145312
29546325
37566412
35507780
30406681
33098137
31274678
31601516
35234529
31670765
32430275
32844419
35563107
34924375
36341847
37044234
38905046
35385035
32712947
38155441
32390622
32167424
31539647
31900856
32043719
32326995
36149598
31678372
31792940
37326903
32444543
36827791
34414870
34979671
36572752
34852737
35879588
38111602
35740910
33599847
36821092
34937577
36927428
34511497
36614069
34028650
32735939
31309916
37628735
33736506
35543009
35128725
35618981
36196471
38722219
30621435
31416121
30689840
34467789
32438935
33290206
33547615
38875043
33686543
33864549
35940222
32416384
38701141
38108354
39044522
36317537
34946311
30563410
33074454
37004595
35642568
34233133
31232163
36951423
32187654
37468112
32169593
32735555
37386110
32741806
36434540
31273677
34338590
36193827
38518598
37298096
37904566
38741111
34133024
39081128
37937749
37674299
32613603
34297967
37256332
34736673
32831202
32651324
35354048
31600883
34102977
34877782
34847922
33427737
34585220
32144985
34253273
33287232
31807750
31738191
34061002
37393495
35319363
34846582
37837999
34125661
34521279
31309906
34888070
35139897
38426381
32921000
31746461
38696263
31334885
32073739
36747288
33103819
33465821
33016082
37379561
32997994
31749018
35674052
38759006
32310160
33463705
38123477
31927709
38172406
36189600
33892144
36272760
38363609
35393738
35749375
31281076
32822813
35844577
32679614
31250384
38701153
32513481
33422508
32310828
32310164
31434784
33021096
32308012
31914905
32291284
33044184
31370773
38995784
37062296
38102745
35269761
35887166
35147537
36385663
33954904
37571326
31729523
33899697
38928312
34229070
35702767
33827446
38372266
34583593
32036490
31543284
32955656
36877327
32820462
38789043
33094327
32459513
36398491
34261376
37380967
38087359
36530086
32034441
37927291
34757664
38788070
38701140
36752121
33459708
38534355
33799979
32739013
37005561
35383644
34958039
34644262
34893448
33714752
33971836
38823488
33970806
30465491
38597292
31243597
31278650
35861261
31364446
32990896
38869929
34979259
38105531
33104032
35331943
38038280
38400524
32791746
32946559
33428130
33018342
34157950
35367962
32772621
32804137
33876815
35460578
33138883
32677553
34810231
33435416
34034799
33808644
32820440
35727023
31723029
38377801
33967069
37970882
37496136
32766741
32092298
38482967
36430097
36347158
31815690
32471773
36168207
35026040
37483004
32925068
37872838
38850124
35437254
33487058
36339131
33327916
31397505
38082503
31484559
32445443
33694298
33646156
31942921
38995788
38109929
34795448
38958401
31805990
36193737
33410594
36502327
32538850
31868666
37927267
38578885
35546755
38155463
36220604
30688175
34979509
32129455
36893920
36056780
32476553
38007668
37334606
34744081
32964577
35216391
34227926
38064912
37941389
35054808
35526028
34534543
34506842
37436580
35130538
39044518
32234263
33427735
36722274
33252076
33565213
32396016
37334594
37186678
33806158
38822790
33405196
32589279
31814427
32003755
38728191
34927300
34113981
33345333
38334236
33649769
30953585
37955091
32250733
38970023
32333593
34617688
32804128
38086057
32757281
38422998
35019795
32253158
33555640
35400289
36752115
35257659
37972862
34587403
37573828
31752633
31842821
37387090
32609831
38163517
38591622
31779612
34961443
38423160
34389521
34822304
38141771
38071363
31103167
37175728
38890614
36528916
33533261
32646635
31967790
33775259
36970893
38477399
30922706
34306314
35410603
38905040
34998794
37095715
38248636
36093816
36115494
35938246
33895818
34852818
36058295
33866230
34267235
37781805
33563987
34772289
34353357
38217095
36548884
37638436
31985861
36856071
31170886
32210005
31765713
31389641
31780082
36048568
31314172
37834214
37522207
37212096
36361741
33788406
31851865
32252544
37393506
37092224
35606926
35276947
33618617
32250310
37212109
35852376
34366355
32902313
33580733
32389059
37370011
37454673
35879001
38286420
31586704
37984835
37186676
36990041
34111479
33687902
34509621
34195266
37847793
33356486
35996194
37092221
36259367
37419274
34166773
33691512
34125534
30705390
38729272
38717325
34488124
35927646
32160322
33515719
37054750
34843170
36611106
33812772
32785820
35349746
35135462
35163450
31866419
34816385
32014700
37580982
33143109
35043757
32589276
37642891
36989722
32484125
33609641
37171018
33333244
30994919
34389127
33873170
38263061
32753059
36641681
37317613
35015300
32936729
37355904
37657738
36774118
32976486
32865663
33863362
37488110
36945995
36031891
38728564
38608550
31806693
36684932
33509035
38515012
36281673
33866012
38469687
38490348
38342596
33935099
38072051
33074304
37393046
38965464
33818342
35404274
36907495
35054805
34783530
31335278
32609745
38151421
36736944
38366205
36698219
33638111
33729880
34162356
38833268
34940948
36280256
38275135
33460497
38775149
33070123
38427481
35291958
37614213
36853170
36776047
33271079
33719979
36112627
31973657
34884693
38165375
31936666
38250771
34410175
35895188
33615989
37150812
37532007
33175322
34087277
37545230
33947656
33427480
38328972
36810321
37993885
33944966
35964183
33412145
38465425
32556702
33980288
34527222
33104026
36976719
32362165
32864906
30848432
33612541
36560290
37129710
34981175
31746697
32530831
34418761
34789417
39076423
35149261
33651272
36770687
36614266
37410203
32303160
38625441
34525922
34826695
33687889
36940367
35648456
36776046
32007954
37182865
35199692
38497286
36464870
32046272
32061621
32660395
35356837
31941400
31840287
33050724
30081663
38773170
32732300
37422169
34342032
38908476
36898810
32083586
34979238
38113521
34353037
34827667
36899371
35441699
39044289
34813019
37021457
35029675
34180413
34770789
34312178
35306144
37608675
36379394
35977152
36669690
34429046
32611588
34748682
36986159
34561985
36380274
34233707
33031209
37543309
35538709
33711385
36149829
37150216
33858515
31504089
35124646
37742637
37702339
32297582
31672483
37115225
33901506
37604954
36155662
32250387
36692092
37440991
34533441
36250046
36597138
38386539
34063911
38748649
37747779
32767997
38912053
32891443
36811160
37266849
34134758
33356688
37428408
33016920
33710677
32921273
31617877
37951418
37121952
37552453
38853570
36353622
30628048
36378718
37549764
31547145
38373905
38773208
36362351
34538200
34459862
34517113
35103521
35030496
34514491
31444691
38710751
36422795
35751017
31986418
35871327
38817193
37942822
34983334
32761293
32046575
37256919
36225200
33847418
38744903
31742723
35779988
37393496
37742641
35321599
37112493
38759004
38346414
31718290
31353188
33028353
34536490
31144027
32634442
34854532
31846136
38331381
34334396
34086851
32564066
37000407
36905963
35183118
33428131
34942142
35811529
35296367
35147609
32858133
36965589
38395126
32830366
32867562
37839757
35337376
37633302
34890793
34515091
37375342
32984933
37957919
38573028
36224605
31467519
31418931
38865747
33271462
33856034
33838045
35903390
37395568
31533339
35182538
31943011
31903524
32756950
33217785
33660594
37884179
38889728
35476289
32050779
38168728
32651313
38087743
32686875
32094584
35257690
36972817
33164933
36996172
36327046
34507239
34565245
33799794
37602758
36939886
33623091
31422676
34022252
36674804
36235587
37175369
36272055
37169480
35887136
31348980
37038817
32869183
37768660
33934441
34907481
32931310
33185602
36880250
31551443
31957347
37619773
33338751
37892438
34516952
37421735
31698234
35750991
33579837
32279541
32480310
36233148
37861051
36357654
37917153
30565720
36508059
35000037
38185046
33253192
31806724
32433996
31980375
33173136
32087196
32266160
38220111
34985325
33650762
32850583
32427599
34951387
36477107
33739235
35197970
35434855
34079240
31771050
38802114
36678230
38156795
32773392
36871519
33166168
33523003
32673703
37927856
37321832
37656632
35996093
34997720
31096870
38489841
37991722
37162663
30535294
35291879
33198736
35109786
34812493
36198471
33112398
38660514
37370025
31868606
37288795
35398367
33099465
31735048
38097960
37184133
36615708
36074953
35614549
37999871
34384490
38973807
33003072
38610055
32711292
32441837
32662061
38449863
33204319
37581839
36326112
33764687
37970871
34663460
37010224
36869052
37659430
35737109
37173809
36637077
31742814
36477483
35456433
34931221
37210624
38593306
38361142
35954522
33971647
32727399
35064895
32957534
31526015
38067664
36325336
38289789
31936558
38542311
35005630
37866025
34695238
38704108
34479020
37876144
36637034
32164678
36527894
37245563
33677103
35346266
35254743
31450452
34844240
31597708
38729222
37986006
36890396
36116313
31372803
31805866
38221583
38336728
36049219
35912747
38091751
38506125
31314148
36380716
35075194
36615690
31203811
34656953
32293067
33621689
31944231
38674921
33439369
38381098
31582197
34612422
33982630
33609899
32266865
32011894
38295903
34569452
33974775
32761172
36858467
32690133
35889774
31019034
36948596
30538279
34379124
38824659
31918064
32879205
39060347
37357303
33167835
34219739
34064783
34741539
39021576
38418571
37699467
35709193
37758767
38655852
35525236
32124518
38796316
35217385
34874063
38788800
35390460
38778325
32463790
33742194
36399961
38481179
36744339
36451360
34494046
31654648
37422047
36281674
35801957
34120175
33491811
36594929
34759053
31460870
38689281
33430940
35723101
39054501
31491986
37343515
32716356
32216870
33278382
38919471
33570509
37467655
35525310
38549555
35852256
33779684
32832007
31451750
38755521
35229449
31284290
37148454
35367965
32701482
33203123
36528671
31812000
37589710
38973806
37586145
32329369
38134231
38924798
36721205
37191855
33558868
34247577
32434925
33940032
33044487
31888696
37276136
33687975
35341916
32776698
34352166
38725083
32218064
38631765
35929620
30835878
37244536
36749520
34185592
33673088
35410535
35708996
35512662
32562815
38501537
36847000
35570489
32819031
33285630
31606366
35139803
34061398
31757263
37189112
35199329
37081958
38775256
32679516
35956875
36504999
37186954
32668607
34281008
32993668
31585371
34785624
33418170
37658972
38481441
30895444
35189525
35315915
36260972
33316730
33227157
37218405
36300915
32333590
38717425
38831870
31784190
31688933
37458046
38083976
32004344
35994615
34075676
33040576
37196683
36852819
37981012
31361007
37950256
34533211
37212116
34862586
36100869
38497236
35487732
32302673
34257699
32272224
38663314
37950574
32587611
33067294
32486466
38892217
34383254
35285972
38507884
35758171
35879770
35473418
37021413
34761323
31300193
38303157
31884460
31917808
35006247
31494009
31651419
34657850
36876335
34994954
35266273
33645912
35039100
35637088
37155010
33935076
31858111
31668016
36494656
37249049
38709306
38397626
35682430
35157773
37040756
30251182
36529331
36227304
37933846
34281550
35484831
33172388
34974838
35248424
35066751
36216455
37603383
36459375
37256494
36943077
38438012
37380020
35197341
34709141
32280103
33300824
31397865
37830502
36342585
37450303
35012632
35611968
35866289
37348248
32043303
31503136
37555925
37391117
36126799
38453136
32746850
35237381
38332549
38256223
32937836
35151552
32925064
33417221
30246620
32116033
33454755
35313843
33179757
36941702
34378777
31708229
38177104
36368762
34794011
31879146
33740285
29723128
33496339
32920022
33949810
32379048
36847003
35042501
34066049
34003713
32701514
37984222
36470481
33919640
31729299
35676849
34417978
35212023
33278544
31945187
35561586
34188459
33161129
37134221
34933635
30316533
33799368
33470769
38317248
38112780
38443539
35937228
32474754
33125429
38693524
37903474
37506951
37399012
38403532
37700547
37329227
33778911
33484961
31796678
32100723
32762272
37681869
38000822
33887953
31725853
38922667
35689933
36189554
31912155
31482749
38671004
31696205
32969474
32401135
30739493
31661038
34848116
38275208
38227890
33228809
35946107
36508119
36790027
37996822
33247623
34726461
38745492
33955603
36639063
32441566
36410368
30326796
32755028
33280495
38081322
34853178
38481083
38567686
37022140
35165256
32342830
35867388
37683098
38367888
35876839
35492244
36820916
33846604
34770864
37573634
37196887
32967819
34584616
32902651
37783097
33126923
31529300
37516277
33599176
30789028
31970541
35236265
35333361
32614887
36414424
34228116
34813870
34835929
35748921
34488653
33231167
34031194
37773496
35320274
36655820
35754983
38772221
34360737
31476096
36717389
35337610
38539243
32324926
37874918
36976729
36786521
37672595
34491937
33087571
36700514
34376262
35987975
34187612
36833896
31660825
33672828
38664651
32574350
37272393
34936915
35732627
34396529
31588626
30324863
31580521
32496297
35061824
33935071
34238345
35149662
38147328
36374516
30155787
32223758
36395695
36394262
35646776
33099603
34806602
32852998
34219732
33463869
38265387
32305638
37334618
36068621
38284801
33021816
38816986
37775968
34153553
31399363
37346108
33373587
37647071
37047353
35799293
37209409
31438897
37263020
31502533
35312775
36134646
37584329
35906190
38267190
34027894
35278154
35729547
33221702
37713748
32236396
37094161
33904966
34948180
36383136
33923962
38224925
34137853
37883437
32467426
34171324
36982708
31046115
35915083
31493787
31865187
31162811
36534008
35821792
37930324
36710677
31674729
36898614
38956440
34366332
38053113
37415175
37202893
36127623
32319023
36670204
38519434
36751940
34098334
33595919
36803026
35696371
33840652
35228334
33493646
37286432
35536880
32862010
34334398
33831098
31537639
36342454
35639376
32591472
30092331
36114711
37648779
36038275
36438224
37738048
33997915
38319162
34275209
38459582
33361604
35348856
33297973
36416261
38674288
33761835
34552904
38114278
37331245
35104057
33805778
34719434
36039970
37698858
34338761
34807233
36062452
34176528
33377540
32588989
33410584
35329128
34770558
33835152
32280086
36203156
38151859
36965813
34382643
34906982
35995955
33339532
34253881
34447243
33046355
37302021
33631332
33882450
32415668
34088871
35484237
38821960
33177481
37955923
31482900
33990392
32039854
36279130
37882640
34911422
35689187
35105591
31359452
38092621
34219617
32716360
32962708
38865681
38816946
34433306
36268684
36031893
32035230
31430396
34053378
33946077
31634443
35939254
37517919
33692530
34863812
30251362
33529220
31566651
32070224
34711094
35341712
32591471
37280232
31397482
33634602
33166735
34559097
33466168
32080146
33110037
37340004
35169009
38951900
31732018
37489656
34911198
36891740
35436225
35676089
36745972
32893720
38541326
38018380
32859156
37249534
35526325
35229151
33216038
32271152
38105496
36201476
33052560
35388223
38485433
36319960
31611326
31619361
37212071
34831266
35490552
34866212
33331917
33799876
37072130
38185848
37606911
34244806
31730494
32790644
36656649
39016600
35406081
32400901
35538198
36114981
35793088
35585724
35491779
31666398
37814198
33353123
32641526
33655975
32217775
35920161
37857496
34320558
33188132
37212073
34864657
38165330
37917057
38183996
35994031
39030628
34848552
38349015
39019648
38733586
37837346
37424273
36273484
32285645
32094485
35319722
38705153
38147405
33136137
38760101
36812822
38894618
37450299
32546202
37270810
36539128
36348300
33920971
36733279
38038715
34219735
38493859
38393666
38048131
36242735
36622085
34089652
34620933
35790642
37938842
38594704
35379698
34836179
39083787
37316858
31930364
37469132
37864878
35306319
37082807
36201657
35608247
36205814
35592525
35254390
34758073
32690788
31142660
35921110
35950369
35704317
38937933
34281103
38807070
36372727
35513698
38664597
36067369
33367621
37339227
34518699
34061824
38529532
35679046
34038522
38642570
37093602
32024404
35670715
34432056
32591439
36188718
33466931
35051749
37597466
37516995
32969833
34210995
35871921
34910821
36645025
34806230
33688938
37482528
34008926
31974810
34556731
33906932
32007499
36749211
36607769
38506825
31187137
31095735
33646160
36654496
33549267
35981040
37801095
36104212
33712723
35433595
36156062
38518653
38493795
34784865
34034295
33280611
37204681
38243008
38390630
37459878
35105268
37511014
37615660
38468511
34794720
35906390
37316186
37208496
33901317
33271552
31665502
37414925
34099524
38165325
36130664
33044304
32492080
31964931
33496774
36702068
34339416
34380485
35292270
32372009
38597943
36931754
33634506
37102417
37316181
31840326
31736136
31666073
37013586
34543687
32720874
31296586
36342703
37068954
34006727
33046617
36171105
31664920
37184659
31537715
31363056
33197265
37236211
38582094
36112375
36849590
38738545
34862322
36178003
37862240
38703765
37798224
36821178
35922433
34780067
32070050
31684846
36821177
38484753
38010725
34356644
36821176
32278746
38320838
36912138
36410013
31509233
39023559
36798010
31525191
37641437
32101309
33951141
35311615
38941600
31453973
36180795
32217788
35848942
37069360
34825249
38272015
38763517
31738745
33044802
37578823
35064105
37352211
36357932
32404039
34035472
36774440
34002096
31665216
36288905
37788254
36575460
34727735
34493871
36716024
37278994
36547967
38165676
34887591
35697829
33568819
33634751
35931049
31673082
36224396
33230300