33374235
32677986
32829453
36835459
34501899
32191919
35144237
32290475
31794871
33636114
33169684
32784777
32365816
35248147
37002253
36721148
36497772
37315112
36404545
37934614
37849234
33280888
35027502
35010895
34520319
35277027
33066592
33504065
31477562
34500036
31471351
32813239
35069578
37017243
33246175
37834132
33074224
36717922
37194773
33400081
33459642
34990844
31434623
33411216
32429229
33946488
36757399
31230998
34366348
33942080
32090565
35634849
32125206
34757668
32250284
30942936
37793482
34066847
37298224
34493184
35750476
32727331
35232367
37960314
38261437
31519494
35367961
32635934
37509151
34569690
33578998
34927261
37143272
34065698
36842469
35304983
38172602
37224131
38427185
37466641
32130011
33711509
32969566
35275538
32545484
35253754
38337696
38495755
37544632
37075947
35754271
33871799
36076486
37780846
35988869
37841274
35275534
34833710
33464726
34103438
34151770
38661357
37960284
35120968
33050383
37599534
31520832
36703180
37513621
34491308
36876565
37127846
38652661
35984740
32257964
35805735
37322540
36617785
35440320
36958383
38627829
34436249
35173707
35158177
31703599
37009506
38779559
36343762
37738628
37823531
33906194
35731901
36674027
37821912
37728579
38479921
31884474
38076462
38612701
34864312
37422087
34384375
34062254
31989902
34710256
32070618
34831369
34681867
32876860
35048439
35787909
37994850
33347668
31356838
39064809
38719797
34719210
33180261
37443782
34311029
36468884
33804766
36309938
34831595
37486494
37980663
31941117
37519165
35000177
37516021
37733222
35889246
35440296
33829390
33314073
36078496
36070704
34273838
33228179
32157274
36872775
34669122
32541134
33353076
37807406
33935086
35270811
34199021
35474398
32949638
33814426
34769677
35147544
35908596
35563253
35202456
36614151
36757557
31865964
35955963
35955061
34897089
34203244
33814442
35290432
33463089
38791416
38788075
35581077
37884611
36427953
35577241
35184367
36888758
33285443
38480804
38696970
35893045
32244729
36736919
34234432
35947851
31641098
34329864
33925063
35807370
35253750
31962196
30920075
31547531
38216726
33466861
31532495
37892440
36992601
36584844
37291780
36445883
34421917
38875045
33325386
37589449
31866324
35164860
36674443
36193864
37470232
37710290
35286012
35008671
36017397
34253017
35060046
33361601
36235612
38783740
34526034
30309253
38088063
32089232
38373301
29521212
35787390
37695364
37681845
37355894
34879266
38584341
35213369
32067607
37683959
32280091
34135909
34897021
38612872
37236067
39008552
36083518
38452948
36142042
32472577
34505972
36651311
33869072
31884461
33199776
33725748
35490778
33320870
34973014
32414124
32810423
34209883
33492296
33066971
33882496
38652236
34841505
38160354
38335627
32209097
34365962
34042795
32727612
32853641
37390962
35275547
37689129
34225968
33646149
31877538
31808182
32045727
37248904
37354755
33931662
36336932
34836000
35910833
37967591
36089405
37365713
34498978
33921182
31241312
32861197
32230914
37968999
33114170
38893490
38788066
38821418
35180124
31217332
32310171
36018501
38812393
33078674
31514322
37436588
38443419
34208482
34371131
36614305
35689551
34510664
35133187
32665636
34087380
37416776
37545242
37055436
37603693
35662119
38305396
36141594
35067880
35927285
36869738
38954799
37419866
36011984
31980910
35986539
32804145
32235776
38339197
34585223
33523001
31479764
32649309
35904303
32032696
32444537
36421177
31738402
32614371
35955758
38673396
36096160
37371506
37845499
35947353
33559482
34216356
32600151
36893982
35049930
33430021
33069735
34836123
37328270
35739065
33914757
31095511
36427961
35926087
31541581
32575455
33556534
33583080
31398817
32006765
31591314
38335187
37715243
38529601
33260945
34610111
34750931
31327302
31812830
34735035
33352217
33337380
38749177
38530836
34219718
33203002
33361594
36235622
32875326
35231846
38641088
38372395
35694926
38409432
38338966
31470433
31866505
35431236
36571791
35111696
34948942
32964527
35457705
36093709
38251465
35236875
34602468
33585279
37571270
38068966
32093040
37100142
34882796
36709597
34371179
38246956
36095970
35263739
35193357
38126710
37243326
36621488
31964412
37099501
34024839
38542764
34753917
37259711
37470844
34514962
38512662
38723516
31667895
35674394
33486160
37718166
33685342
35977540
38572865
39064687
36928985
37572525
33894535
31158696
31237989
36136156
34080532
32802849
35988223
35891052
35112776
31228807
35426476
38848191
32918471
33039199
38104691
38928383
33780881
32131889
32276176
34444269
38702902
36142796
31876061
33129280
31177340
32938351
33008395
36428012
36613080
37853506
37533101
37318736
35811524
35762619
38044212
34086399
36281127
38967039
35916343
34592924
33810433
36768091
31786098
31702011
38892488
34569963
34698406
38179773
35761337
36001607
34444325
34586144
34763003
32932623
35280690
35886711
35816677
37445790
31753762
34360360
33141510
32565066
32746982
36790717
34242808
31506450
36361780
34271133
37060300
37607587
37511515
36974715
35017199
36362360
32589559
38338354
36291618
38141735
33297185
33669988
31661258
36729918
39088624
38203287
38904096
33252089
36656815
37837732
38311235
37966923
33194959
36586468
38602736
31280115
38416540
37047994
35585714
39000220
36115457
32715424
35432583
34440761
35986296
32923622
33322696
38285515
33924200
34719495
37075744
38658973
33494425
34625123
37895139
38965455
38630503
32616071
36894118
33226368
33658771
38128808
37220744
39016210
34931394
34561808
38374720
34924372
32321934
38311028
32865917
34944019
33618062
35742553
37333848
32890478
31771054
38412566
36900852
37995032
33419257
34159699
33610085
37962810
31546716
36139364
31578055
33556539
34808480
31723183
38276546
35686672
36399269
36426363
38382114
36767513
35680268
37060077
34831913
37490963
36442198
34742710
36850510
35187594
37672944
37301164
38414054
38906999
38834246
33682374
35457373
34205336
32651318
36326588
34140411
33720883
36429962
37085942
32756440
38890133
36165422
35033073
36089140
38096815
35301004
34078946
33971496
36566903
31513776
38365827
37604976
31817315
33749652
36895559
33530508
37661881
34360049
33551257
36871781
35156141
31704512
36695672
31978602
38999927
36557940
37894494
37580767
33255444
35579846
35162238
31861093
36546606
33892789
36197131
35815777
36889568
38068736
31421449
34622235
37764331
33673250
38605018
38973199
31514400
31834477
38087316
36675177
35183766
38373985
33865224
36260563
33683887
31099307
31773421
37066978
38626737
35950762
38841742
31999169
36497946
36608918
35184372
38925396
34994301
36978078
37949680
38473811
36558176
32019393
38331843
31461505
32356339
35916570
36982004
35961386
34682452
36753881
33546118
35599486
38914947
36521347
35437550
36901549
36447194
35694924
38706287
38019134
37077141
32991803
33352062
37649070
31557888
32335218
31738022
34275270
35023084
36499422
32379917
36833870
38341073
34602476
34785643
35840975
37176115
35266499
34577053
35244967
37118723
34185514
36574855
35452751
36673763
34924380
37569378
37487248
31837517
35886309
32138542
32044696
35488797
37946041
37238649
35643125
35954742
31488882
31678346
36145197
34476815
37957423
33416590
33482355
37742650
38569338
35048766
31471933
32996088
31855161
37331639
31942805
37029214
38411261
31434232
32791113
35457595
32858147
36293946
36120779
35892582
32096991
37815196
36567033
34973457
38103074
34827650
32065975
38294135
34202299
38287370
34574524
32243908
36835027
36587866
38391945
34196307
31620893
32070788
38894334
34770137
38658376
31020753
32909132
37949311
36075524
34071573
31330299
31830310
36682493
33104027
37919716
36651199
34670332
32888951
33439737
31986005
33531104
33922673
36361051
37895194
36622931
32546301
37451918
33668406
31454514
32636213
36995989
38339064
35616634
37239612
36924296
35292963
35452678
33803344
37665736
35247551
37738277
34196863
31657204
37534564
33601385
31695349
35741796
36810963
34865063
32751107
38474460
35644416
38206365
36361714
36189686
33008094
34480909
36062528
35057429
36776074
37833764
36872303
38438446
36554301
36677616
33215813
37310359
34219719
34922475
33373844
37176144
38382891
37733679
38499151
36901420
38263227
37951931
34728237
35946953
32043310
35797174
36274581
38567968
31544520
36705524
34234268
35471691
34461085
34444587
38928949
37207343
34219717
35670622
37646904
37849438
36429819
34907696
37245024
36231236
38216963
36554429
31611872
34478848
34624913
36075959
36287554
37303123
36271552
34103175
36068280
34638764
32419273
36296686
34115933
34990795
31407757
36763275
32817390
37893530
36833560
36847235
36093178
37132460
37927266
36253823
38951391
36808033
34634399
36362122
36856821
38178103
30689226
35682011
32079163
38731398
34406560
35413397
32233813
37906715
33401892
38907733
36789917
37630357
37176125
32990494
34967389
33796111
32033400
35080857
34406390
36286438
31641070
38925479
37372743
37322873
37625184
36642841
37878393
31834446
38325473
34156424
33270781
33138082
34808910
34445060
36563596
36901336
37874110
34324289
32105446
36615218
38557424
36901551
32070025
34318994
36934255
35779869
36683147
32424756
38564871
34979121
33382689
33991570
31914909
37043996
34639840
33946957
35525977
34203793
38087395
36806684
38869510
33743158
35892278
37850544
38759921
34517373
36142879
33971029
32340935
38242853
38228001
35421130
37629109
34313292
36863548
38791762
35000160
36257450
33792049
34957735
34878771
35579427
32592479
36116491
34072751
38427240
31340904
38718507
36986165
33092396
33465344
36740156
31487943
36294010
36981830
38544037
32735929
38194814
31775875
36180553
36370334
36780974
35538665
36849796
32630251
37158957
35766370
36740554
38579622
34861165
36621481
33810505
34624477
35624369
37783554
36144820
32726626
37242153
31669733
33066046
34175703
34360133
32388114
31233819
31933378
31658742
33510490
35816665
36026506
31439844
33135883
36293666
37976095
32541820
35525893
36767724
31626305
33769989
33044305
31299618
32449534
36334822
37079306
36384659
32019078
34537521
35243936
32201908
34836233
36076238
37699204
34167149
37624431
37862101
35633882
37944881
36538329
38044672
36273804
32555166
37495381
35072703
36944170
35546606
32556236
32019621
31913963
37926784
38631021
36866555
37874738
36768440
35180112
36214202
39028627
33942053
38448067
34093436
36796520
35149105
34464618
31375314
36464120
33859760
36601680
37556539
31583068
33814449
37487923
36918003
34744079
32151419
34046943
31957021
37980996
31819070
33277912
32287025
36430144
32597127
32193753
37309729
35938435
36402501
37991929
34281264
38008941
34501812
36674517
34497091
35166975
32644802
35565918
37750713
32870973
38492747
32486409
35025861
32979811
35317694
38518598
36977124
32129163
36434620
34586066
37996004
33279302
31837645
38955263
35879588
35830286
33285639
31752166
32687964
32050779
33806474
38175662
36200211
36427957
33459723
36362150
33661580
33317730
34208454
38817603
32117799
32121263
34942539
37107583
32589278
36452997
35887166
35405323
32901505
38909763
32323181
38664425
38631302
33302404
36613586
32272551
33050475
33202663
33067321
35743072
37492530
32459513
37562449
35715821
32630301
37065506
35032636
31344533
33138351
33031715
32745780
34360264
38319053
33327916
33717189
31786943
34950607
32035595
35276927
36334596
33772304
32727337
37298527
38794738
36990372
32668607
33291026
34347307
38843946
31800379
38914414
31578596
36976193
35786740
38754721
36513873
33329571
37121952
36669690
34102650
37379079
38108351
33675857
34501886
37970871
35234529
34243604
34985325
37437419
38035341
37212099
38613180
31103167
33919972
35928817
31952509
35349746
38290090
37579835
33070123
33291597
34864678
33549028
33216233
38427291
31760549
36411639
34002295
36532064
35331865
33285631
33763767
38891863
36569929
38247208
37173818
34948234
36946385
33084241
36615808
38237031
37868345
32282304
37782357
36364850
35245613
32844199
33469518
32266160
34571840
35337376
32916197
38417411
35844606
38609961
36816743
36516898
31422037
38490348
32414486
36731560
35163103
37619773
37343494
34032647
31971183
32121251
32380197
32059598
37555470
32200394
35627660
36495120
34542202
38262196
31628992
34570098
34314593
33326160
36757367
36477107
31717475
34126048
37834373
37022879
33576418
33362788
33871591
35388531
37463853
33232785
34707612
34702933
35833476
32755639
36689427
38848172
37134221
38170690
36740795
36129522
36075637
32364368
36901907
38919613
31377995
35987358
31917834
32116255
33203568
36634180
38696876
32667590
33454870
31663118
32589274
34574519
34393190
31476356
33463464
34536490
37304462
33138883
32300799
31128176
36650628
31742723
32677447
34079240
36233223
37699467
38786027
31926437
38878554
37480464
32447009
36175827
31797769
38244807
34029863
34857900
32516966
32703186
36881412
31588999
32315547
32459708
38448300
33262001
38994673
34281103
36717893
35682430
31882022
34047895
37606554
29985117
37349047
36199282
34048844
31412673
33964094
31877820
31827711
33387579
32249853
38321930
34080116
34591975
32531845
32619166
38461501
34247577
32252450
33771222
38608178
33193074
31595905
32955656
32389857
35246064
35950246
34975917
35702798
36308656
36776047
31924476
36122597
34049183
31852995
37761842
33714141
34767924
32669112
36498223
36850743
32203096
31413350
38277243
38847095
34310004
36872777
35289333
32012921
36079829
33967043
37182375
34668409
32643435
38621744
33663471
36088079
33326819
31769256
36525834
38381037
31682952
32347461
35844577
34864998
29947251
38848023
33359022
32981462
37899301
38275135
31547555
31434017
38217066
37787774
35457501
38969306
36948206
32986676
34529970
36376937
31815698
32473843
32211826
32833010
34015665
37550708
32034441
32295162
36399273
35433595
32346002
32669127
34869782
37689143
33377357
38670195
35586889
31349430
31598647
36883244
31610695
33370610
35164877
32362075
32593678
33978725
33494262
35563419
32212607
33671500
32419254
37074710
37775319
36497163
34639748
31460832
36877327
37490970
34208252
32653761
35329128
34227444
34199279
38397013
31408650
30322274
36921191
32175594
33808644
33071035
36893920
32358751
35580113
33585266
38588753
32048962
34703027
32631472
34495449
34464593
35189101
31749447
31179965
34587885
38110288
34064906
36786778
31226014
32820440
32498325
32533776
33217462
33397266
36828176
38482967
34106020
34600509
33985452
38701150
37871120
34099598
37847793
33805947
38330399
33766600
33202564
34075707
33423868
34927545
35253744
35125081
38265387
34388948
36671907
31425905
31797624
37902363
36497624
39000326
33123992
32958216
31077796
32557766
37864902
31665341
34587403
36078239
31399053
37245816
33370594
38970350
38943089
31689936
37483003
37422929
33806158
31914836
36308811
33007358
33988040
35064486
37870872
34831104
32375880
38328972
38583622
32072427
37111131
35054924
34923217
34227926
33038033
34232918
35404466
35007622
37174185
38526934
37580982
37936448
31260737
38284798
32573118
31960115
35409618
33104033
34134758
38036890
31471539
38042964
33562744
38470125
35671344
33765429
30419182
32365068
35624361
37112154
38826107
36165351
33486033
36361750
33105491
33166735
30111271
33445014
32470609
32820955
36827280
32046272
38544319
35040015
34643743
37977351
34425073
32989620
32169484
31200137
35805105
34493618
36368762
37945435
38662570
35151421
31783540
33428888
34064694
38129668
36773564
33478569
32375302
37581839
35921496
38490063
33046051
38055735
38114633
33771206
37653246
33944966
38977082
33069760
37957919
38541362
34207921
37777128
37543309
33186611
38248660
36000865
34951363
33690799
32739624
37895136
38573028
33781382
38669536
33720898
37742647
31362286
31608620
34515091
33416328
32915536
38506636
33427734
38752992
32429372
34574619
35495069
37208496
36498431
36347277
35891371
35805421
32603716
36209107
32984933
38112345
38893333
34299756
34614170
35695217
33280862
34197161
38706281
34114709
33347835
31597097
31793421
31456396
32679516
31816046
34024841
33463361
31518386
35606817
39007781
36554618
35144022
39058917
35254743
35163662
33726788
37429842
33538570
31254498
33814431
34425874
34255744
34711251
35742594
38673407
38928903
34274334
33800246
32222557
35055498
31666073
37477867
35253919
31994886
34126141
31954342
35429627
32165447
36183491
36603455
32125909
37085796
32929111
34729814
32961853
38928014
36265728
33802880
38423951
32452196
36834217
37003317
33440850
35954522
33514916
32223745
37229702
36847000
34319151
34322716
36203500
36749520
35682081
38583625
35013956
36614069
31184203
36981618
37061172
36116313
34864667
33529537
32606589
34479020
38289789
34869170
36720634
35929620
33931804
34281008
38291474
34850666
38929036
33632781
34151799
38036892
37936310
30385824
32712945
31945645
33399067
38360205
34444331
33484297
32819031
36011281
38185046
37047906
32769139
35301136
33065503
35970056
35751193
32039674
32709676
31429790
34207701
33621689
35037300
38755521
35367965
38866169
31482749
36192059
33532505
32881298
36222957
33278382
36811598
33918186
35863567
34066049
38944006
33003455
34886551
35767733
34911422
34949203
34609680
31236900
36858467
34798458
35758171
31896617
32059811
37244536
38397626
36674204
33540911
37247433
36356861
33619310
36912325
34098334
32824536
35066751
38226956
37768660
37833012
37563857
36126799
32100723
31413186
34044832
32870429
37972282
34268903
34609487
31552496
31835741
33461193
34326203
35681426
38941600
34914980
36900826
36167285
32871106
37569267
31549784
32920022
38486430
32109272
38276626
32490863
36529331
36554794
31641839
33672828
32975632
32869681
33646633
35742220
37141288
37703311
31404076
38112780
32342664
37517100
31889510
36430097
33484961
31970541
38552138
37947540
34417978
34719434
36833896
36317500
37824095
35347843
35929840
37099313
36941645
34572041
31494049
31983606
36087108
32293314
38400265
34590419
31388000
34724614
33314312
34463994
33174853
37811722
38353580
37774459
38397619
37681869
39016600
35729547
35653896
36642501
38122823
38551405
36752881
38150567
32455806
33115937
32858229
37626928
32575531
35512113
31236955
33198088
34731014
32439001
38541326
36965813
38906618
36193081
36940322
35197628
36424430
34769752
35010526
34762275
35599344
33526043
36284382
33616290
36877520
34254381
33947656
33722243
38241135
36100788
31447098
31974810
33555200
34663153
31926436
39019648
37331245
33920971
32186653
37302021
34253141
37995336
38890310
33276057
32694825
32820422
37289403
37878794
38493859
33504293
36055212
34061824
33466931
34794720
38922331
35810454
38637937
34446922
34174223
35886474
35970584
34633332
37522255
34997937
39074992
36692014
38345817
36126422
36130664
32278746
36788297
34562480
33396611
38986057
36716967
31988747
31313871
38277467
35085396
35922433
38134264
31738745
36849590
36180795
38374256
37788254
36575460
33044802
35697829
34887591
38582094
33568819
35931049
35551307
32372009
38689001
33634751
38484753
31673082
33230300
36224396
36774440
30617275