30820047
35379992
37074203
34099642
28714976
36411364
36066633
37195665
37408664
35639372
34103175
35750476
37643212
31993381
30415748
29930110
37497015
33185601
28527211
35844216
31772681
36055772
36995136
35421108
37994850
33275069
37965965
38967222
37966923
37580163
37985413
30224653
34919705
34552904
37490246
30555032
38553327
26040575
37534741
37698187
36935764
36845632
37287471
37681845
31417202
37874109
38849413
21876256
32935274
32206757
37994532
37352211
35678407
33230300
30388399
36724157
35084381
30178148
29383812
28276132
37955090
38746641
37933846
24802240
21554792
35046821
38756718
37482990
29273807
38754136
33519660
35879306
31636452
37141452
35000427
28069993
33550528
23996130
34692636
36166229
36912325
37994854
32525547
38311959
29278690
34610111
35275544
34244708
36982982
37269465
32548238
38751023
37944004
28146470
16336020
33030307
34208454
37718813
38670235
38860660
34848116
33851462
38995788
31102579
30280679
15660404
28366902
2204604
38425465
28098162
37798224
33519369
23442574
33649769
33948738
36699807
32954710
35815546
29319603
29408778
35733122
35538709
34303293
37552453
33016917
20583207
35433595
35103521
17435956
36130664
33492297
19023730
33776890
37174185
30507573
38560360
33348089
38277299
20573409
32651313
34690143
35389894
32166339
35758171
32019621
37391766
30729572
27644698
9674763
12501479
36988378
26876625
33851173
38910939
37622436
35460578
38432592
35239172
31876069
37554075
35228334
35580113
24726413
25616486
32281151
34869170
25074513
33313373
37972862
25946701
39069971
35954522
37538837
36276340
38669533
37556539
38464461
33947656
31335910
34324633
34509621
36368762
38461510
36877520
28361578
34482619
38489179
37792627
26239039
35689187
38664651
35604034
8822021
28946936
34739053
36554794
28977531
32284086
35086605
36976729
37990803
24615312
29947251
27751629
27694991
37994849
32650731
36926993
31025305
31582197
22214890
32322685
30089514
35229015
35388625
34219713
22088902
26635082
23618107
39013656
30175238
29164499
32699239
38759007
19682135
38586469
38874322
34308322
27618447
30700062
27434374
27591445
38567686
31228397
30411180
25109790
30294677
39079175
38150567
11513494
26026215
16671284
9279040
29549330
29549329
31160809
30429575