33667416
36918389
32784777
33756057
35289055
34101796
33523004
38689398
34245588
32840331
37295421
37833762
31066598
33458891
35902387
35652476
34087114
33660628
33569572
32481282
38069160
32568367
33048274
35272816
36585893
36827718
33689689
37106429
33285629
37358283
35612546
34879829
37279385
32274758
36394442
34602465
38759011
36455638
38223947
31744447
35888625
35266140
35964143
36063494
32716354
35304739
37980660
34690142
35841256
36356629
36114174
38369085
36977501
36295605
32613666
37402937
34023119
38063885
35265198
37454558
35532111
35871354
33226732
36197132
33780371
33071189
36556907
37650437
36749854
37189062
31218511
37204409
34092631
35216751
38061806
33749369
32597814
37273154
35563253
36155316
37543880
33208121
36929703
38374754
37378862
37413741
36710674
36478657
31743997
32808733
35694928
31131787
38230738
31396666
35184367
37980671
37372743
30406679
33196288
36725282
35841252
35213786
33967054
35196653
37213636
31879184
33459652
34092643
36314503
38334917
33579844
31899042
33993493
32538845
38169023
36457190
35977320
36648146
32493309
34080740
33140824
38759001
35643439
36901551
32853759
38482617
35342749
32065790
36842362
38580400
38701152
35996080
34334392
37504140
36189738
33382921
33420783
35132849
34414876
35084722
36469005
37622895
36964606
32157788
35331359
33426901
32951480
36551230
37681845
35866715
33715299
32928002
35440022
35229696
32227181
37812437
36372959
34118921
37102213
31617247
37522203
32369706
33860462
36067434
36278440
33361596
33882496
35458096
38912930
36453246
33432578
38259476
38335627
32010926
37837524
34919686
37114952
38424559
33789277
32083581
32676990
31926222
32971258
35951777
31563535
35752783
34225098
37128943
34581499
36650330
38393906
31810814
34420974
37357267
31755537
31556977
33361592
32636170
31916975
39024352
36777777
30421351
31903993
33619666
34151786
35841255
35199931
32925041
38599523
35930316
36291017
35339182
33046144
34310061
35345058
34255025
35534904
37913734
31478311
32779869
32826426
35380092
33989095
37016409
36281681
35712884
32037030
34081893
33409824
37594028
36373315
37858616
36317687
36213993
38840115
38575854
35662117
31677936
31817315
33887231
31539811
37416776
32306982
34151801
34101795
38565072
36039772
38555638
34389938
31402324
34569686
35681440
34288013
38374736
36900852
32390617
37066907
37718811
34015657
31940401
33904362
35142025
36371267
33781925
33450346
38346025
32075686
36354163
35315078
38098165
37144996
31326211
32969234
33883028
32643852
34790255
37668703
37540906
37551695
36102595
34634495
38250770
33780368
32372468
36036081
30470154
31596509
37182887
36027993
35491775
33750334
33560154
31541581
32324452
38073464
31342208
35581146
37482990
34420954
31755119
31603041
32280091
30747564
33429752
35121676
35348467
34873819
37874109
35973365
34593090
36086926
31563010
32979927
31840539
32112183
36353281
39044504
34999789
31435707
34252317
32772629
34704455
32731886
32553204
31771049
39044500
30855070
35904303
31900066
38250780
31914225
32667652
32715405
37532841
32250304
31985460
37931615
36641605
31933052
31933051
31208244
38305566
35849196
32589275
31929157
32770447
31563256
34101788
34714105
33272181
35797766
32614371
36833870
35542758
32552688
36449133
35698162
35196953
38258621
32496814
35278213
35429287
31616139
31438308
37070972
32218066
37840491
38518928
30588841
36342333
36540989
30278783
34162335
31511183
39085976
34039232
38230731
30535620
37322873
32578741
32640027
38487186
33016912
35659469
38031663
35148207
38127408
38506275
31901122
35001888
38539083
32434656
33006526
33860704
38629297
33537986
38517787
38688254
35723099
35841257
34090221
38277290
37047994
38383536
31888732
35393916
32573765
32990494
32074412
36376775
38860660
39030788
37392416
33832801
35678747
37300394
34967225
38073468
37956348
35068458
37927266
35218291
35137491
35951488
38456477
33395102
33078687
34664262
31426726
38939962
31868670
38265164
34101794
32039633
33252073
37394794
37424466
32246530
37125546
38302993
36630223
38673907
32374196
34227249
36550629
32757815
32935181
33966489
34569954
32053667
33216031
35757902
34476815
36448251
38116960
31753288
37776149
32161075
33906631
38706272
38511785
37974164
29504488
35815777
32020790
36987943
34250934
36057817
37365397
36189591
35348586
34039534
36565116
34120898
32412323
38965455
31439020
32390613
39044509
38339943
31914221
34274071
34725017
38230712
38206663
38546435
38848188
36412000
37385025
37224404
38156442
37574732
32284086
37787414
28027651
38851719
38069618
39038859
29504489
33582979
38757575
38323508
31408790
37650321
38489173
35871355
33258686
30375237
34951704
38842660
37819751
38301647
37229740
35084109
38539279
35852087
37021724
38409713
32951701
35209952
33398492
38804907
32175821
34447996
36650552
35648357
37781808
38167083
34911481
38235531
31014071
36041992
37794326
36892630
37296589
38285083
37543608
35321339
34360360
33930067
36917885
33460619
38527571
37603571
33527720
34502477
31431188
34010112
31521064
38758934
32920957
33554900
37038819
36368169
31506248
32298362
33554905
34337898
38728192
32463068
33409682
37435983
38666798
38196387
31778170
31846243
31585377
35403536
35306829
35440308
36403662
32750666
34550494
31386938
37172031
33554916
38355598
36210219
37073874
32019392
38374732
37381712
37698187
34175231
38961421
37450379
38143344
38363608
36637058
31646904
36973733
32155876
32450185
34042795
38279143
34265267
32713359
35831848
37916447
33859767
37879685
31759193
37551793
32302946
37593850
33242874
38324244
36429962
33280597
31443505
35293675
33579838
32674730
31884485
37874107
32761860
32780691
31571843
36776066
31848218
37323010
31755298
34647229
32644944
33723589
33140565
37347493
35794343
37231438
33091462
35888671
37673583
33028210
37224508
34808617
38503394
38078809
32789951
37276482
37634228
32789474
37874102
38342754
38629481
36502319
38220584
31665233
29457466
30309254
32695312
38954497
32333900
37445616
31068063
37840486
30913947
36872165
37060386
31650668
32010923
33608059
31203704
37357288
36960849
30514930
32829072
35304223
36419238
35144684
36314070
38702043
37709678
35726809
38669545
38961390
37545287
38866966
31342582
31533346
33395386
32687722
36208588
31506117
34117127
33578594
31615073
37852774
35275532
32813239
34034215
30761974
30049239
30521375
38845738
31326523
35068461
38306029
37743478
37486491
34543386
37910289
32826748
34464763
38640156
35362093
33467972
31705279
33494425
35553424
32920634
38175625
38251465
35394117
31914851
35157058
37559369
30587029
31930449
35390468
34714106
31421681
35133330
32584672
37247495
34411982
36089233
33656251
38216922
36115980
34228317
35098969
33216026
31707842
34238525
34279198
35694857
38669544
35543004
32763552
32570434
37208979
36669907
39044520
33998562
35886711
34233376
37231762
38001337
35939325
37874047
38824433
37666209
34218779
31884469
38175857
34043269
35130899
36007215
37496313
36776063
35365609
33221026
35670352
38504361
36571791
34994301
32331845
37793911
38300883
38973221
33322696
35579786
35229686
37783559
38812047
31854490
37355891
32531724
34463981
36394096
37355900
32821996
35751619
38012950
37874099
34726371
36282451
38883339
35435572
35585714
32533467
38374735
37807782
31012763
32716358
38724175
30499333
33691142
31958090
39035166
35022652
35484976
33935092
35915506
38325063
39044513
34132461
37057687
36971436
35198526
33899087
35665686
32720099
38160352
32538840
38393899
36044131
33234543
37983644
37980665
35892461
38427483
38374734
36096664
33646146
35477689
33725114
36872646
37436158
33872681
32694602
37975226
34742710
35725247
37932666
35773740
32144990
33803913
34966023
33881288
37545235
34978132
36527582
34185246
35994384
37182882
33630665
35253754
35667959
36974630
35193041
34837494
31321844
37418213
37707812
34204109
33711690
36749893
37840487
32056347
38613025
38713670
37098633
38052236
36442203
31745181
36317266
37249252
33169396
33752738
38801124
38189751
36142742
33089601
37624998
32594062
37076873
37924680
34151788
32525547
38629888
38561021
37706540
33150399
35694981
37697307
31471958
35931403
33629272
34065698
36062842
38253262
35477163
35311710
37076966
38095240
37668467
33391505
35151368
37417779
32116253
37355908
37511546
33569563
34821170
36522743
30596591
35604886
36494193
33271491
33922673
31196835
33845924
31073954
37839560
34838668
36180861
37866274
32981422
31874572
35436334
34602479
35276898
36893987
35346299
36189596
37757939
35711676
31790015
36912182
37141452
36916529
38337696
38885931
32308008
36240668
37528367
33597002
38622164
31765650
32829507
37177814
35459141
33538661
36284403
34624324
36309725
32937909
33735087
38460119
34563429
33250624
38311028
35971961
34213748
38733162
34570177
33243132
34339946
33527403
38759054
38715252
36310536
33090226
37919783
37611907
35552371
33074240
31112230
37467176
38601491
39009993
31377702
36093713
38848182
36922858
33334647
34165251
31587995
36349528
37698780
32669020
35135524
37481563
32825842
34187600
35408478
37738277
37016435
38517924
34038387
36927167
37671461
35838312
32469899
37890053
36289565
33154531
33757605
38647197
32328830
33673250
38480804
34435574
36107707
37708068
32338460
38713702
38477423
34753499
38515262
38270269
32979297
38224338
34556345
33251540
34926365
38992063
32299272
33781272
32302267
32741818
35727988
37510309
36905902
32404143
34179863
37652427
29304203
34423504
33895633
38552111
33593296
33226718
36655336
37483002
34682452
37490245
36872523
38451331
34534764
36682515
29385515
35138225
32977230
32500567
38284555
31614018
33382108
34233656
37340937
37874117
38145955
34099032
34355917
36288546
36607770
35557505
38329409
35347644
34757668
36639062
32560701
38093529
36349985
36854141
31879235
33250617
38053404
35404287
35098971
34102919
37695991
38212844
37311202
35184372
38834246
38199813
32234546
35949106
36806503
31704763
38709584
33711938
33766132
36202346
32563809
37253123
32556269
37357286
34209762
36181103
35639148
33780424
37415712
35362880
37545241
32423489
32338945
38306055
37994532
36794714
31651358
35504263
37581834
36748965
36583148
34877786
33550870
39056755
38041514
37532510
36358901
34260060
35675752
31684764
32234072
39044496
38467994
34705346
37584422
33177265
31726892
34153688
34958015
37517389
38339937
32463069
32025250
36192349
33101276
35938249
33563068
36608918
34259835
35365827
32991743
36404033
35678193
37495380
35357079
38006706
34836000
37047549
32898275
37694796
37491358
35988219
33214467
32755557
38696879
36180237
31945246
33184027
33882772
34704869
33892789
38697041
35879909
34581496
36264099
32831200
34127835
34588168
37779086
34196838
32772959
38718028
30588825
37379265
37699204
38551492
34092646
34881836
38355706
33688996
37980298
32665410
32589281
33888602
36919597
33380791
31832778
34240627
34193504
31843944
38244079
32045010
37118137
31759893
36221141
35976758
34065606
35710952
37252836
34825872
37516848
35015300
37561950
38762725
38436547
33491464
35604540
34400308
39020361
31355423
37694991
34841910
34903846
33586858
35260817
31942805
33904433
36642985
35588964
36840622
34936194
33952156
34511501
34480585
33988311
34808621
34999248
38519330
32759190
33104034
31544477
36696255
37515589
33302002
35215394
31855068
35235943
37100306
36482678
31529691
35731895
33888872
31729244
31267207
36045496
34570180
36086917
32589278
32505903
31994823
38167251
37289845
31784987
35772472
32589274
38294135
33533835
32664018
35213374
32044696
33439986
35583388
31335456
35062119
38346505
34714152
36245375
38071202
31331724
36508692
33115936
31364381
38253228
37483069
32039845
38195725
36330582
36840533
37268373
35450525
37391766
37924568
38412449
38430933
36253382
38484904
35653286
33459717
34587159
35301255
33640268
36093704
32046583
32951248
33068236
35482891
36490316
31511061
31695349
37718822
37106470
31423925
38267189
35164464
35542993
32757281
35467294
33792187
32975239
37610059
32690803
32949145
37929672
33527694
31843015
34183654
37202514
32054376
35870133
34261197
36676672
31434232
32320844
35293158
31656052
33933186
33004235
35931678
35275547
34958038
32255521
32865109
31901765
36623809
37059510
33612540
38000331
34785304
37994850
32986666
36166717
36648159
35964177
33039199
34021943
37424463
33984179
31615540
38837281
31091485
34615409
30588847
32426924
36776064
32986671
35245165
35094588
38468497
31638322
38607332
34847795
36218120
32447126
35501721
36240992
37071974
34078946
38348782
33998323
36892415
34219734
35753347
32887576
37415444
36430879
37307097
36615719
36543923
34103175
36266620
35078121
35700324
37464122
35305339
32896040
36267839
37655598
37357276
34168021
35113485
35420258
38964884
38365381
31111516
32280090
32027776
36975090
36990042
30474400
32498641
38306186
36274581
37550958
36206254
33713418
32563897
35130933
37195665
38959029
32967534
34245584
37203540
34550903
33770167
31526625
35681465
36720642
34922475
31495601
33536430
34420949
36803838
37000013
33844055
35326458
37932860
33098804
34610111
34918337
34460957
33583080
34378488
32527648
35065615
36048760
35799294
34958022
35379643
35730360
36641615
38316937
35702798
35129210
33561190
38801464
32772327
34531462
34501886
35599493
34454958
33559254
35891052
33724160
33208190
38724975
31978088
33843673
32878991
35678407
32925037
35684047
32251456
33079159
33749844
35947893
31814316
38569103
35275530
33295658
31545794
34275904
32608300
36543253
37231705
33370497
34534490
37202511
38038630
32207675
36281668
37494948
31912482
37414157
34259337
37738628
35344024
33137538
33434704
36911939
33936412
37118088
34978125
32512031
38569102
34444587
30198597
38509777
38940180
37421927
37181722
38809849
34776434
37968129
36776074
32597811
36429819
34397412
38462606
36541134
35212389
37985230
32993718
34315986
31828981
37523752
37907665
37843849
37735133
36321615
32969294
34545146
37561937
37698156
32411643
36427288
32540234
32484120
36977504
37501632
34308901
31645180
36776050
33794755
32815289
34216184
37843871
37807023
32383491
34482642
32334404
33397464
33559975
33599138
38041805
38760589
32463070
33637039
36154606
32949547
32651312
32810019
38378122
37270665
31638736
33075794
32627328
35794185
33714024
34418377
34677596
35930281
34477008
33459235
31466934
35099509
35960951
34389066
32429331
36065095
36730720
38506627
32628119
38574374
34789895
35226041
37264610
36109800
34374496
32844283
32340040
33573174
37052206
34979998
31881487
33546262
35637607
35675895
31520067
32240557
35876428
31559837
38070229
38849944
31957480
34250941
36334026
35196886
36946604
34585212
34252201
38353228
37740924
37288778
36341731
36774494
33580102
33571464
36806186
33340180
37183097
32171246
32581318
32989367
31134464
36430248
33467967
37165609
37349795
32524943
31837518
38862136
33554912
34208252
33761656
36807325
37696909
32665603
36287554
35682011
32805742
38768645
38730496
35373837
34334389
31425586
38350954
38937382
34717887
33139110
33014268
35258170
36626425
36580473
35142053
36437425
33094539
38007661
32851850
32116006
34958013
30890076
35785759
33538195
31418476
37070249
32166339
31182351
36515452
31199530
36196692
37933404
30836018
35473943
35109724
37005901
36075080
36901336
31006162
38240340
37955089
36423561
36178374
31625975
32666270
35204700
38225472
31984866
31050041
37735227
37968734
37679478
34873816
34631645
35145015
37316312
35200059
31556447
37493607
31904767
31533101
38039074
38459754
32860945
30523676
37580727
35472166
37984853
34004091
37909364
32926630
34634973
34418061
32460813
36944170
32783241
35379761
33008756
35970959
32320973
38521766
37532448
35124650
35178571
32968032
36109714
37178806
32340037
35968470
35266114
36935047
35800696
34152739
36538552
37212105
37550778
31602765
37459658
37057867
39073857
33080295
38263052
38109077
37334597
35550158
37012066
37393499
32589277
35574992
31913963
33484469
35177243
33138082
35063023
37125549
36802973
36336690
29865902
32723713
37891690
37256757
37767905
35639372
33342280
38809917
31583068
36814324
33323780
30304477
34862388
36197131
33081626
33250618
32407392
36571781
38217597
38546202
36640459
33386807
38485200
38113612
37604976
37183681
36218307
32968074
32844198
34238524
32587390
36375694
38217594
32619166
38398590
33104030
38724589
33576064
38411315
32327491
38032638
38553838
36958104
33971029
33946957
36372056
37120095
36165002
32946559
34670519
35367295
39013656
33459645
32589280
32312410
34590709
35495069
38378760
33998313
33716147
36908005
34725027
32727503
36475976
38093257
34929532
37400888
37483095
36732296
38718740
37156179
33962026
37738515
38630527
37149000
35272628
34273551
35606646
38422782
31472676
32722745
33991015
36499491
38217356
31868663
32107741
32674011
34473668
36377891
36799408
38146222
35421108
38086820
38717935
31487943
35022306
32340038
38043486
38182985
36396277
31413141
37813589
33686788
35789031
32680825
31882007
37482998
33611334
33541420
39000146
35787306
35609137
37440719
36370751
32468311
34375545
35354197
37792627
34966025
37751588
34647974
34557257
33383439
31708380
33805142
33988909
34376823
35123529
30724582
33046608
36508731
33486120
33323916
37423973
35470685
35713198
37548882
38484190
36121669
36343257
37149106
35134612
36894900
35351024
31947996
37820977
31547914
33586645
38877658
38843869
37548125
32954536
38896462
38436963
34525960
36679471
33205677
37930669
37902027
31711297
33340966
37418385
35125061
37010841
34014561
33215886
37128648
38593394
38612641
36301650
32122378
34493870
35550463
36981830
36450605
35013908
37779209
37258587
38472475
35470286
34564872
35023610
37096339
33609776
37847498
35841015
37651054
37549216
35913462
33337364
35867952
35289980
35161551
36130840
31880310
36443011
34424058
36572964
34532852
37016464
36102775
37695586
34375908
35460147
38481343
35985024
34284892
37382492
37137722
36318594
34154542
38300712
33674360
35734757
34099642
35173266
37458034
37155177
34255351
34195769
33090224
32702573
32803865
31609481
37947822
38331381
31692559
33377138
37476853
35343304
32968174
38151575
35590272
36933568
33058348
37488506
36509102
38266219
36973896
35465730
31918768
32207093
36745453
34129723
37057984
39000564
32989857
32193444
36739622
32956648
31436318
33197937
32584472
34380424
37985223
38238311
33646980
33802880
32651326
35273086
37872791
33770310
34326203
38133896
36919891
32019621
38189750
32646635
33847926
35339996
39044489
33476569
31497991
36239924
35737388
35450561
36384659
33300605
36412170
36821951
31076215
31363735
31612463
35977316
36229634
37939637
38328941
37606986
32066252
36443014
34412935
36274383
36394831
34338400
35918153
38105605
35124641
35072703
37295957
38837661
35957840
36355638
34111056
36550893
30730347
35543174
33044305
38607757
38905046
32450445
37973488
32589276
35200198
32815229
37085545
33026671
36041056
38298026
37150266
31889402
37294340
36877496
35262289
37459083
37713210
32207594
35751775
35511812
37157190
38478804
34417796
36893045
32955452
33009040
34543268
35977279
37762325
31725472
36031891
37643212
36827032
32909879
33566374
36517471
32317774
36630558
36813729
31526077
32857486
36404540
38448067
31588880
35532912
33748669
36827791
36056631
36319045
38600026
36637820
31628215
36404026
32138686
32092157
36502322
35751894
37195467
38142633
34786815
33990392
37482993
31818233
36929401
33679762
35379992
33260315
38049813
38297399
36066633
34251396
38325331
38485124
38499400
34509339
37776848
30915930
36538329
29939234
31347482
32589283
31566651
29313420
34499725
37890202
37778510
34635138
32753076
35298477
31625947
37718630
37459088
35533332
32161102
32921515
35244829
34865577
31301191
33960918
36266044
32750315
34384141
33271552
36166229
38411287
38019518
32799211
31513029
37389428
36905286
34565245
32355332
37225431
31391202
31876066
32772925
35293672
35766370
31835954
32851442
35674329
36863973
37391377
37351923
31668782
34338590
35747901
33270031
37269645
35469078
36093730
31843808
31454082
32574350
32944734
36339131
35858992
32436327
38131463
34125336
35838118
36674637
38796316
36916447
38053113
35871348
38875036
38741111
29471360
35192690
38517791
36753276
33890988
33985452
35410366
32113502
34132447
38217524
32223601
38143345
31409541
35852376
38056505
34620291
38306035
37459095
38336573
35709018
36346930
35549466
34459392
33277912
37748892
36803026
33814449
31916847
36774647
38108284
33216033
36167652
38220033
36881792
38759002
32959489
36401262
34501812
31179965
37191959
38393905
34688463
32522798
32960456
32361736
31727000
32349114
38669533
34257422
34645415
32236396
33356266
31309906
37202168
31714636
37937749
38271742
32522153
30967164
36254516
31373868
33285635
33356411
34028812
33356641
36128778
34974434
36786288
36656579
37742638
36029516
38544319
38687825
34366337
37980996
32175594
33401952
33759976
34973013
33198736
38636196
33902442
37334606
33459648
37599155
35666463
33739304
35239172
32434925
34420970
32039839
37072130
33486033
34324633
37355903
35410437
37921746
31588024
32713125
32425011
33185610
31941400
36617786
35404274
35098979
32610616
35279914
34162356
36227304
32880256
37641096
37643720
33051989
34784897
33827107
36317537
35642568
32416731
33254580
37933846
32556746
36347277
38885933
31753521
36847003
32164544
30688175
33779245
34245585
38943388
33487058
32370954
31477110
30873518
38377801
38669535
31434784
35321599
31778120
33433875
38653305
35345999
38172406
33104029
38476498
33744328
38643971
38427481
37856167
34711094
32538856
31081513
35078349
33838157
35950245
35718864
31416342
38728193
33213069
33967052
32444477
32272551
34351188
31484587
38929036
38486359
37972862
32108738
35484699
32902313
35931916
33779684
35460578
34718569
38655803
30419182
35325508
38830181
35264118
33768718
33743599
36782122
32216870
34917575
38642248
38701141
32557783
35285972
32503536
31738807
35237944
38378904
31640462
38504583
36281704
34524654
33935075
32416522
34109877
30278794
33736506
32604615
38081322
37837999
38772526
33899537
38692772
38722219
38701153
32729446
34151791
32063249
37716335
36396270
31460929
34368037
33453944
31488131
36445170
36411041
31107293
33769542
37125551
29546325
35819373
37984023
38114278
33023673
31549784
31385569
35764920
31543284
31647572
32609745
31882022
32267801
36994819
36988378
34647482
36155409
34461803
36156705
38143364
32746921
31494079
30318901
36658507
32293314
35290719
34297980
35574812
38759017
33971764
32458356
32081028
33504364
33819924
33004162
31710305
29871544
34582882
34118305
34569948
31425587
35960005
32390616
33887953
31266345
32720874
34151804
33216955
33618891
37115225
31527516
33437991
30979436
34039151
38759003
30193536
37781811
34479055
36842068
30584790
31996078
38890614
33550528
38744274
32949335
33982630
32684094
31484559
34893835
34106020
31762251
36054521
33556499
32583858
34334395
34227023
35248896
37021413
35543009
35770371
38520366
33834890
32353111
32749230
36808801
31062455
32736989
38880341
38155441
31350898
36656487
38968046
34342379
35349875
33164931
38651790
33808644
32564681
34796159
32144001
30922706
35848168
35759397
32739013
34957728
33879099
31842821
31604673
33949763
31594274
32513481
38701147
34606327
34465198
36245376
32059811
32308012
38616345
39085973
35213371
33403895
32145467
31760549
37248901
32932217
35612031
31670765
33164225
36413364
35183118
37317613
34521279
31868680
35833618
36526252
32925063
33822448
32226071
38875038
35041795
38010643
33860599
34591975
29931147
33769114
38128506
34467789
36398491
31460870
38054851
31971075
34459407
31769256
37955923
32924864
31430396
35689868
33847046
32921273
36803702
33714752
37694368
38062410
32894241
31141716
36268979
38225442
36155312
38425465
36196471
31281076
33465821
33465108
31217043
34776442
36048568
34843074
37776210
34459396
37580148
36872777
32145981
37742655
34542347
36599517
34378229
32476553
33640979
38608550
38277243
38618787
34133024
35635471
38379273
33427480
31382998
35745040
33377357
36058295
33025847
37005561
34310004
31755379
33949259
35093034
36940367
31562648
37682909
35028589
32050779
34933630
34672451
35026040
32677553
30953585
37440317
32043303
36075074
32525436
31783540
34639748
31771052
37078271
33348089
34569707
37238605
38995788
38869929
32474392
35773964
34969072
32654358
36856071
34507239
32065223
38745127
38423160
34343073
36571504
30322274
35971778
36274509
38905041
34583234
32237284
37899056
34789417
34907049
32741829
38110288
38574442
33400605
32449471
34736644
37170251
31985861
30092696
32589279
33882450
31429315
37182873
34836972
37975683
33998546
31654567
38461501
31876069
36341847
33806158
34529970
33899700
34635169
32126826
31516023
32164678
31335169
38427473
35641909
33304353
35473668
33226434
35491418
37492530
31839606
37586145
32497369
32972311
32336124
33543347
36388286
34167473
31746461
37334591
38669538
33410594
33555640
37736669
32071114
30286610
34092326
37941389
34498752
38995783
31830801
33275785
36452997
37709259
35437043
35030562
34893448
31119696
34877782
34308533
33098137
37130742
35398367
36078239
35694920
37393506
38728021
34009395
35276999
31641839
34183087
33430818
34174938
36990041
31734120
30497302
38667285
35253744
37106340
31779612
33148439
36913778
30626192
35867388
36982708
38915081
38669530
37840488
37522209
35861261
38116916
38145312
34605285
35964188
38097969
32189607
32402848
34951387
38191313
36245374
37970882
33982633
32329513
37161397
37927262
33403822
32335194
32979287
34245589
33550224
36958392
32187654
33951141
33377238
32030995
37943714
36562579
37996822
37370011
36109050
33599847
33202564
32955656
38393910
34098446
38696263
33753571
37131229
35450946
34075707
37150216
34535138
36799733
35733122
33347845
37212096
37046209
32234263
34420964
33722990
37473411
37436580
37589315
32249596
38143351
34974838
34180138
30269532
36193827
35142055
32223428
38865429
31967962
31757263
33185598
33626977
36516463
33646156
32484125
37670212
33967069
32772621
38143356
37171018
35388625
36263961
32820562
35752359
33104033
38113521
34459400
36847000
31955375
38970350
32845339
38553143
31848230
32764085
36276340
38469687
35977228
35356837
36112385
35708049
32253158
36187613
36680735
34962459
36434540
32589282
35331258
36189701
32944997
37661370
31805990
34137723
31293018
37482528
35139803
35661072
37355906
38608178
34313182
37229702
37121264
36409283
33899697
31451912
35526028
36384313
32820955
36934339
37955091
36497624
36281673
37382951
35596580
32028325
37943404
32028815
34574619
36321363
35582750
35779988
36560290
38722789
39083787
32912555
38640160
31821606
39076423
32921678
36698219
34739072
35748597
37288758
35435041
38178143
33646159
32804137
38758997
38100191
38618991
32252544
35666053
37212095
31792940
32861920
33323116
38086057
31814427
38317507
35533657
33853894
37679996
38019031
35713015
37675938
34092629
36739557
34063911
38563427
38263061
35466787
33570509
36207697
34762845
32397878
37003932
38427291
36050645
31173841
38509644
37678415
35797987
37438877
38173265
31866419
33185602
37220880
38395126
38353984
36750227
38007668
32289315
37258986
34795448
31927066
33350601
38802114
38759007
34812757
35441699
36149829
35254743
34689866
34776448
36223717
33250621
38328972
34493618
33052482
31274678
38424433
34242186
32166373
33771206
37768660
32651327
38485433
37940962
35346414
37094068
39059802
38497286
32362165
37147183
36154448
34711099
34079240
35470491
38865681
34449885
35758171
38111602
31852048
31537470
38134428
35232376
38598162
34971812
34366351
33492294
29402165
32279541
37938521
38072207
33065503
32819031
37112154
35862387
35247328
36689070
31845208
32741644
34459862
38427488
35043452
31797712
38057709
33984176
36877520
39012893
34120897
35858818
34940948
37212099
37718799
38373905
34923217
32975827
35614549
31943011
37146455
34806602
37318017
33363094
35855574
37574729
35247788
38732796
35604034
38185046
37804318
32134817
36411553
36054217
36880250
38219797
38986053
36204511
33427746
37984835
36637077
33516674
36516659
34962993
32887774
31368758
34933635
38664425
37754748
33860718
33612541
33350588
34843513
36776058
34290115
37572061
31918779
33769137
34384490
36840986
38889728
37182886
33825134
31494009
36577740
34116363
32287048
33736706
37578823
31614096
37165333
35012439
32892399
34486887
32880220
35627660
38760031
34942142
32589273
32035186
32004344
34550089
37997077
38515012
39060347
33541952
32883384
31521532
32555390
35382759
33650762
38129290
38993656
37942822
35803591
35085044
34704858
36006861
32159860
36684988
34655926
36597138
35852256
38349015
34032347
34197161
32271152
35105409
37742647
35870485
32756950
37424465
38912053
32538843
35128725
31418931
31693798
32845435
31735048
32767997
33337374
34688369
30280632
32627087
37341302
34705114
38740531
33623075
38151377
38864416
36280256
35708996
35758202
38265159
37058492
30968783
32958332
30325875
38479732
38291474
34949203
38245248
37952979
38165146
35994031
32356587
34786698
38379083
37620721
33721655
36348300
32618098
38968051
32937003
35805421
36892027
33516078
31203712
36059165
31353188
31479862
36451453
33267831
36780143
32094584
36477107
38225253
33467891
34252707
31885287
35695217
30165583
37288795
33226079
32736164
36965589
33706959
32445552
37299449
33963503
38165370
34951384
32946561
33039748
33883239
36394262
38819691
37653343
35147535
35666527
34274334
37015322
38087195
31801539
38134231
32894780
34565622
32677447
33741827
37227580
35352609
31784190
35257321
36468536
37955806
31542723
31518594
29723128
38407475
38872204
32668607
31248666
33459719
37948972
35294114
36805349
33800246
36049219
32700093
36581785
37840495
35442450
33704823
32240257
32652024
33176394
34403124
35397116
35716694
35801957
32380778
32669111
33934986
38537649
32850583
32280086
33272213
37758767
36564192
37015192
38289789
38902647
36098970
31167542
34334439
32478662
36811598
38904081
36527894
32852053
30705390
34075676
31771064
37245563
35882878
31106576
33463869
34433132
37861051
32140803
38588753
32713772
35077449
33441109
37387090
31806199
35879001
35460949
36670204
37927160
38418160
35849106
31372803
33052560
35339292
36977552
38303157
34338761
36343095
34225472
38768665
33978725
35123528
38664527
35217385
38614238
37936310
34608939
33258361
33461034
33007212
36126799
38242533
37099313
31361007
33470949
33410736
35633037
32606300
37173809
34196585
34906131
38643014
36751940
32731082
33674204
35611968
34657850
38631765
33228809
36554794
38174904
36266921
36368095
32667672
35386043
33098761
31919494
38558141
32200561
32458167
35771887
31951217
38256223
38275208
31852995
36744339
32100723
33130455
34827697
35659987
37816646
38621517
36528671
34120175
37204792
35869747
34334333
37655616
32274934
32139382
36540000
36454239
33742194
34999335
32790608
37751448
32576262
37493171
35822248
35996231
36876335
34006267
37196887
32891443
35588586
31585371
33523020
37397711
38788800
31658921
37385334
32074468
37195031
33492297
34759373
31688933
31900522
33356486
33454755
31945645
32925029
37330559
36988319
37086427
38039805
37312013
36494656
37053114
37088104
37638432
33423868
31605346
36082514
32282058
32349070
31526767
32065721
38701790
37775968
34314703
31978826
35246064
31429790
32591471
34130107
38329107
38336728
34219726
34003271
36970897
36995582
38355740
38684486
33399067
37543047
34043628
32563294
38626720
32087949
35570489
37664939
34180414
33772915
35294697
32579922
33678401
33599176
34924384
33720893
34167366
32059690
31389836
37469165
38785364
36875360
35027110
35190387
31725106
37903644
38833712
33787906
37117752
35748921
37566412
36900826
35157773
32756140
37212116
31619361
33052535
36357654
37094161
36814116
34188459
35064280
34281008
31928114
35189525
32745512
32396982
31825466
38664771
36271425
31811072
35486527
37877166
36459969
33964225
36905601
33203727
38183177
33136137
30563410
37380967
36463441
32576641
37394941
38941600
38000822
34709141
36395695
37340319
38813695
36349415
36820916
36053444
36472984
37882640
33470769
32149824
34828374
37811600
36289175
32360240
33685281
35581711
37657942
33349712
37490632
34818985
34719434
35476063
37348248
34039480
33057404
34690136
31663769
34488653
36134646
31810826
35821792
32920022
33188132
39044195
37921356
35563811
33099608
39042647
38048131
38275095
38183996
33227157
37195983
38185848
34926377
31464095
35196481
33125429
33297973
32322100
34480857
36409989
32291901
34848116
36220195
38345817
37650882
34482205
31563909
36430097
32643435
33947656
34232918
31767451
37272523
38558015
34558023
34524968
34936915
33367621
33657269
37983776
31495772
32924754
37950574
34853178
33031470
32552216
34924379
33720887
32989106
37156615
37208496
37339345
34134506
35213581
37713748
33935071
35929840
36221144
33555200
35492244
38745010
35438067
30789028
34991675
34382643
35358967
35105591
32869681
32517727
38967926
37346108
34244806
37133727
32040141
34919839
36443488
38790158
33253192
38267190
34060470
38381541
39093563
36895129
38705153
33938021
31195021
34590419
37399012
36371016
35977261
35325762
32342664
37973796
37167559
37441645
31399363
34353857
35984088
33115937
36790027
37875548
36975168
32756073
38432592
32489021
31476096
36087108
38807535
35347843
33099603
37591709
36538154
33902296
36209379
32631359
35679046
36038275
36349964
32319955
38419568
33278917
35438756
38252898
32754159
36917135
32272927
37125534
35184061
32441837
35533500
38478117
33435977
32400901
38151859
32969833
33828235
34038522
32238339
38031408
32441331
38038339
37683098
37903878
35513698
37119823
38539243
36897581
36064709
38604094
34763080
35229151
32058440
38450553
32854627
36627201
34561430
34863812
31236955
35341712
36574240
34075783
36941727
38760101
31677388
31974348
38922613
32769115
38147405
34813870
32748320
36273484
38030395
31339527
37004301
33165511
39016600
36898614
37721736
37698858
34970809
37498298
37138329
31925823
33174853
34147627
36513918
38906618
35790642
37951922
38494137
35093159
35841910
35194729
39062549
34342879
37494038
37158955
37823746
35224525
32699239
35149662
38674288
34254381
34376505
37857496
35920161
35613663
36156062
34906982
34393189
35658842
32474723
36377606
38787465
36438224
38325255
34633446
36138153
37193908
37212071
38528230
35254390
34089652
36201476
36203156
34542418
38321915
34668650
35348856
33754317
34607248
38594704
32745013
32400259
33382548
38575115
35010526
34255744
33632280
37280232
32738383
34383905
35942557
33404617
37566420
35538198
33895632
36268684
34260040
35377879
37156856
37212073
37222252
34758073
34158384
38808967
34137853
38445629
32600080
32383964
33466931
37202336
39030628
38468511
35948443
37302021
31658403
35235243
35247358
37097768
37517919
35606817
34674005
38151879
35512113
37968725
35449297
34762275
34848552
32285645
34376262
35674052
33609478
34913981
35292270
34789494
38641570
38637937
38807070
38759134
31125696
32609841
31387659
31634443
33663414
35296246
33920971
35169009
37641505
35388223
31666398
32439001
34516308
37522255
35995955
38959053
33827960
38319162
37316858
33244188
38181331
38937933
32564066
33085698
36805256
38165330
38240197
33666392
32803862
33688938
37082807
37478886
36535116
32680951
36733279
32039854
32981668
38245754
32827354
38671538
37552152
38763517
32108148
34356644
36651673
32546202
38889383
34281103
38871633
34253227
31250432
35066157
35393705
35670654
32418499
37654162
36385202
35296637
37450299
32591439
37597466
35921096
33316852
36188718
32975318
36801661
34556498
38506825
32748261
33514647
34998485
34609493
37469269
34261627
34794720
35379698
32887591
37486023
38894618
37905388
38117157
33097597
37879899
32020370
35624361
33323224
34743360
36719785
37870843
35950369
35039101
33280611
31664920
36045450
34838088
39074992
37516995
31160259
37459878
33153444
36179271
33462849
34380485
36040456
33930320
38216961
37608741
34687211
36245297
37316186
34034295
38010725
34054018
34339416
37725575
38243008
35963198
32517579
37316181
31722007
31769878
37798224
35903390
36525834
37409463
37531110
35906390
37102417
32967777
36164995
32183675
34732465
32780014
32650731
33548794
33523010
38297202
31493520
38886831
34465186
33549803
36716967
36967443
37013586
36162695
34784865
33510174
36174872
36849590
38824528
34780067
32396611
36332413
35099831
33166418
37184659
32408813
35848942
34562480
31736136
31296586
38703765
38566489
36180795
34543687
38374256
35085396
36357932
36178003
32280087
32738518
32852582
36171105
37489991
36223105
31453973
31896465
33273363
38738545
37116193
33622391
35920350
34174196
31840326
35570487
34454919
38134264
33320224
37862240
38493795
38456468
31509233
33011127
31636452
34228116
33661072
35311615
37149092
37052591
32975632
34265237
33009039
37096341
33041090
38642570
38272015
32697766
35798828
34869170
36821177
33743820
35004583
37028139
34656027
36700520
36575460
35346416
34028124
37069360
34028358
38165676
34286691
34521692
36288905
38415688
32281028
31684846
37068939
37352211
32396543
33634751
31525191
31665216
36213999
33230300
35931049
34035472
34887591
34002096
37086096
35697829
36716024
33044802
31699021
39023559
36257905
36282189
37788254
38689001
34010531
38582094
37278994
36224396
37035916
33568819
35551307
38484753
35068455
33589835
30617275
31673082
32372009
32989287
34493871
35708486