36178003
37696195
33271079
32300799
34103175
34757668
35449421
35750476
31471958
33988311
37120169
31899042
33420783
34717887
35081442
33710771
33814426
31778170
33494425
33259984
31810814
36973386
37994850
37013498
32525547
36334026
36201209
33074240
34334393
33941628
30913947
32761172
36894118
32279575
36289565
36476582
34759053
34229262
32248879
36156062
33904362
36380395
32088972
37407259
38232335
37182887
34634495
34057802
34906982
34647272
34687299
30309253
32551834
35820405
34383042
37879942
38416540
35341916
34507154
30714541
32478662
34719492
32299272
38747525
31985460
32924095
32741240
31879863
31486140
32751107
32613666
32230914
30521375
38706287
35536819
33656251
31073954
31280302
34101795
32282723
31514322
36825796
36946449
34911481
38838556
37263597
38567968
37347493
37482990
38869510
31814316
38834246
36603455
32505710
36826230
34585216
33138082
34511121
38539279
32327491
31912482
36753276
31128096
33546118
34411539
38843210
34066049
37532510
37647071
33386802
34208454
35580113
36333818
31899366
37694364
34173272
38554257
31134870
31904767
37823470
38696876
33090226
34750931
33853894
31888732
34303293
33765325
34366333
31324380
37543608
35254743
36342333
31288544
37572061
38768645
36115098
37357824
33902300
33631006
35938251
37174185
37079306
35838312
38663907
37541841
36112385
36356799
36660894
33388800
35180111
36469116
37742655
32560701
37947540
37779209
34024841
33630768
33608514
31476096
36189588
33441136
35938435
34996522
38892605
36078239
38015951
30629123
32178805
34360264
32648923
33104029
37125546
37418207
33881211
33565618
34113981
32609320
30957843
37357288
35388625
35525977
33009040
37913646
31974810
37694796
31797769
38606661
35815546
33165931
35996093
32609745
35718861
35482891
35759719
38548879
37742635
35333361
29718387
34370003
31746461
35726136
35852376
36184924
32342225
37458034
33534811
32732300
38400524
33008756
31964412
33676832
33715571
35001888
34753917
35234529
36244197
38932579
33567363
33484297
35033073
33348089
36840665
35484831
32993668
37199965
34488653
31535271
34776448
36479814
36965813
35382259
34281103
36670204
32488931
37438127
35770371
34310015
37267121
35507999
33772304
33882498
35642568
33186456
33722243
33430940
35491779
36961460
32202593
33331917
38689281
35464157
38671538
35878484
37224462
30269532
31634541
34116363
31929161
34690143
37073873
38482967
33847046
33779684
35476063
31119696
31755298
36165422
35004583
36776052
37244536
36373873
37038818
33025584
36100010
33077022
38593394
37248895
36628782
36343014
34052751
37106340
36527894
37355893
38669535
34057776
35805421
33084241
38493859
31706897
33844014
35482313
33484961
32925037
31543284
34250940
32402115
31658917
34375545
35193041
31918768
37937749
33751875
34769752
35758816
37248036
33252084
35476062
34120906
36380274
34852017
38552138
35510611
35246064
36097005
33039199
37440260
34127236
34869170
31397865
34547718
33879099
37675938
38038280
33336223
35604034
33465108
31046115
37247433
37393506
37054493
32241710
36342703
38669533
37668467
31511121
34180414
38848188
34602046
31771064
35321599
36533453
32452861
34908159
36368762
31800379
32546992
35561586
34776442
34806609
31668594
31397482
34864666
37355906
31812000
31236955
33215849
33367621
33407219
36525834
38706275
35098976
35689187
32505084
33624322
35034116
35931027
32280086
34515123
32039839
33579847
33752763
32614373
37483003
38669530
35696371
31677388
34247577
34924033
30895444
31502533
34075783
33429394
38553143
33918186
34387336
30246620
31478918
31843808
38814061
34260040
35349875
38240340
38875036
37279596
37280149
34758073
33666880
37537887
34420970
32703186
32773392
36399590
32441331
33529220
33985452
33720887
32757750
32096857
32597127
33185595
37233882
34393190
34274071
32191630
32574350
32427599
38452244
37822116
38640160
33172388
36293946
36508390
30761974
34137853
34120175
34918146
32236400
31493520
39016600
33605860
31786409
38336573
38206365
33197199
38290836
31804354
35406081
33396611
31455459
33835152
37905593
38520944
38874322
32925028
33036701
32646635
32899101
31742723
38642387
32883384
38300796
31439074
38297202
34334404
38567686
37951418
37312013
35758171
38150567
34061824