34101789
32780691
33882663
36674580
33523002
36675177
37408203
37697714
37887270
34184343
33066592
32813239
36758770
33579855
37612122
33660628
36479845
31182351
35738259
32009339
35084721
35013934
36171657
37994532
32481282
32431261
31391062
34066847
35351154
33048274
34792002
31519494
34065698
37451163
36117051
33749650
34420975
37930669
34549629
36380443
35863541
35421108
35526259
37240173
37120169
34353254
36736614
36744681
33185601
37355909
30968345
36256566
35394117
32977249
36724157
37568209
34131953
31520832
38038609
34151800
32597799
31018113
32589558
33221026
38003723
35705005
35229696
34218779
32295415
37840484
38007649
37420280
36208464
35265201
31619081
36995136
36372959
37972193
36641619
37873914
38003628
31884475
37966923
32167408
37698187
35841256
35882739
32278238
34543386
35309200
34813915
37980660
34690142
35227184
37357229
31594904
29249303
35766623
35888625
33264384
36576325
37247495
35346733
33044185
31376729
35647742
36244060
36588335
35458096
36796730
38154509
38082604
35342086
31902277
38682213
34649243
37995949
35436980
32153079
38253907
34089149
31395077
34926365
33176899
37189062
28810495
35246952
33137538
37182890
35532111
36421731
37490246
31985463
35215469
32716354
36057821
35955061
34883313
37840486
38325063
37704283
34151786
38482922
37672106
30198597
35184367
30406679
38279143
35797268
32331845
35404282
37594028
32116247
34836480
33207355
33034347
35932158
33904362
36142737
31751299
33043412
36757048
35196653
36970894
34569029
36380395
37061546
33494425
36530084
31230998
37291780
36036081
36303870
38007650
32285577
30470154
35491775
33652057
37710290
37182887
32568207
31478311
36474415
34606212
31937364
32493192
34464763
37013498
32058804
38599469
31743997
31951614
37602995
33560154
35132849
36442200
34402746
36689358
33138754
37561955
31898553
35331359
33429752
30309253
36782352
34874605
36768091
34865028
31929162
38053452
34602479
37681845
32138542
33965726
36478657
33023920
31755119
32324452
37160761
33839469
33554912
33143703
37874109
30882878
32729631
39044253
33896844
31879184
33569568
37102213
33319367
33612542
35751201
30714541
33094539
33882496
32052374
37864982
37950055
31646904
32207606
32299272
38534027
32010925
37047994
33096898
33271491
33785065
32770447
32575455
38710339
33517891
38083709
38390841
32302946
35723104
34846373
31208244
38230721
32751716
31978120
37857301
34080740
35166171
36173534
33435644
38759001
35204750
36396612
31874572
35585714
31705279
31986471
33078674
31267473
38282277
37211844
33322696
32926392
32230914
37667196
37955090
33682717
30676089
32152925
32960855
34636299
31539811
34101795
37807778
32013715
35396151
34661375
33760348
34288013
36342333
38565072
32790788
38961421
36371267
36168659
38194484
38669547
35199931
38487186
35249519
36375032
38781645
34495090
36502318
37931854
35004586
36318963
37603693
38507290
38623965
38473892
38306028
39063135
38539083
37482990
34255025
38875029
38111051
35581146
31396722
35576786
33308302
31541859
37487570
33377981
34550569
35091969
37224508
32568212
30253659
36593969
38376045
35904303
36278469
34479168
37418213
39085956
35189880
33272181
32614371
34334401
35587314
32778901
32444537
34268286
37394968
38258621
33682708
34655218
37806369
34718073
37302036
32731886
33416619
32049764
33900530
37983644
35404287
32795153
35231846
31020753
34120903
35901514
31487943
31792284
37087755
34102971
31134870
35184665
35275544
37160915
32111391
32525547
31248770
31591314
32447311
34529034
36180965
32627562
37725088
30955411
36715553
32129132
34864660
34674395
32976020
38860660
33725358
33199896
38499400
35235943
32367740
34961333
38403289
38250780
38230731
32439028
34515090
37392416
35220356
38032370
33724160
38462603
37718813
35022652
37551793
38830757
31426726
34971747
36776056
38012950
35659469
36093701
33287898
33185596
37393502
37846130
36274581
37505239
38143360
33803913
38377680
35584922
38277299
34227249
37878745
33924468
37061845
32148122
32246530
33928806
38556445
32132097
37926392
38666798
31425586
32274979
37204754
37561937
36449133
31721488
37070972
38182985
31488021
33600474
38446291
35562259
36165422
34120898
36878194
32333584
38807183
33319780
32558256
36647450
38965455
34047190
31218721
33954430
32918471
35831848
38196387
35435134
32066466
33140565
37787414
38339934
38277289
32116258
38461510
35988223
33554916
33554905
33966489
30836018
37463839
36655345
34310039
32920634
37585365
35762452
31732017
38869988
38230712
36395231
37083937
32171246
35187991
38408961
38537555
38029367
38823204
38730300
32174124
37545287
30278783
35956919
38812047
31342208
35171450
36767513
34964531
38427483
38708587
36429962
33353076
36893987
34508753
30535620
33323916
33941272
36473124
34978151
36527582
36641606
32525060
37076487
32178805
37268375
37824581
32594062
38115692
33279659
32538833
32282723
32979297
35682011
37980658
35794023
35939325
32219738
37994850
35660522
38461507
37074818
38422817
38157526
36070704
37415712
31900066
37561987
37965965
33745493
38383497
38757575
32302267
34585518
38324244
32063090
37038102
35807939
37464028
37218539
31196835
38489189
34744076
35253746
31829802
31615073
33129280
33244011
38000331
34137273
33939228
35543004
33459712
35379149
34743297
37708068
35644025
34563429
36399096
32285533
36283035
38030988
38279076
35466938
34383042
33071189
29304203
37993894
34204299
36268579
33035533
33137699
33940559
32212415
36281681
32053074
34250934
32496814
32920626
38438923
37740458
31483196
38355535
31638686
35614075
32469975
35113485
33382108
35338450
35750476
33522998
31377702
36358901
35007657
37916936
33026213
38329409
34109877
38548241
37257663
33569572
35836409
31911519
31443505
34216184
35988219
31686371
35106732
37351736
38834246
38661827
33855860
36710684
38597160
35098971
33011937
37448371
33137359
38801124
33671575
35557505
36512526
32161075
35162238
38488454
34233656
37357294
31813627
33527694
32016624
33009037
33798978
34039079
34044558
32369706
37033083
35938254
32306982
35927804
33554900
32058066
34588031
35543001
37483119
38372161
29196835
35094588
34102870
35164464
33410467
31586701
31324380
32955466
36012243
32025250
37289845
34009643
37584422
35905800
33111990
33268824
37224462
37572525
34019227
34911018
32741240
38416540
38418221
37210782
34365482
33416590
36232852
35367961
31928846
36529364
36854141
37916447
33155766
37545241
35023084
34889717
38509675
32471036
35974377
37800242
32590139
37762599
38216963
34378488
33104027
35879909
34240627
33040199
34048087
35731901
34024828
35142025
31707842
33652304
32006765
37138478
35062119
32676761
32218066
36583148
34930444
33250623
38458719
38404286
37852774
30588825
38709584
38287370
37980674
31886524
38489179
33803344
33851462
34958019
34705346
33533835
29718387
34727017
35962371
31575976
33380791
37496001
36293946
35964177
37694365
33991041
36482759
34588168
32400332
33455605
34821170
32766676
37667256
34010112
37270665
35232292
32831200
35533660
38474288
38791223
36623809
38423195
35384262
31841681
33222510
37506413
38468497
37115196
33407913
37622539
36538552
33922673
31322657
34875690
35809216
36840622
38758934
37075507
34362278
36120779
32996171
31398817
36622689
36036728
35970678
32935274
35675752
36614325
33751904
33875016
31711297
37357291
37481563
32662123
37149695
33115936
31724775
38414085
32298362
33759810
38016934
36776074
34587159
31411042
32406297
34725017
38217550
31780903
38755651
33297924
35776355
34919705
38158451
33559254
34847509
31843015
34372731
36603208
33998313
37182880
32887576
37009893
37494948
38883339
31321844
33264158
31218511
31301191
34647272
36482678
37039061
30474400
32772985
37217631
37927255
32951701
35724724
32421307
38572717
37513622
38250777
31091485
36264434
38493185
36676672
34690143
33675003
34279199
35342749
34958038
38267189
37980667
36335856
31542647
33275069
32945192
37932666
37014539
35217635
37933893
35090160
35811006
32112183
33081156
36857606
32712751
34275897
37413741
36778155
36615719
36710669
38364083
34598664
37828730
35785759
36573011
36218120
33904814
32252546
33345945
34275904
37081555
34565197
34360966
33006526
33879569
36327127
37534741
32003243
36045496
35264731
36396277
32723533
37268373
35015199
37298693
33881820
33685531
38701143
32651312
38964884
37227846
36709886
35850031
34729858
35043729
32925037
34036738
35084381
34101787
33999936
32027776
36764831
34569954
32780293
38747387
35293381
33855945
32284086
31202182
33637690
36042131
38038630
34294036
34297427
32882505
35803230
32051620
31544477
37819751
34418377
31960702
33185610
37552541
38301452
34919686
33998536
36557016
34554385
37974164
32149150
37195665
31456337
37929672
32397837
38419188
35450525
34219734
33931008
31985460
35946953
34922475
36209940
37895183
32191383
38981112
31929158
32783241
33843673
37062541
34784596
34310032
31559837
34103175
36245375
38232445
37823470
34844480
33602087
35678407
36113012
36364000
32919754
38204183
35392035
32957414
37742643
38108347
33246061
30375237
34444587
32518360
34315986
38273377
32118591
34610111
38849944
36429819
37074203
31772681
34625307
36421824
36330582
37800686
34663503
36855162
36067094
32484120
31676909
33533863
36690723
31473137
38114048
35986812
33353723
36542544
31789459
37977109
38644660
34411539
34363297
34590417
35905220
35416404
33399270
38380866
31855161
36419175
35098811
37980996
37652312
36901336
38007656
30222945
37355907
31412538
37231705
32524943
36576695
37165609
33075794
38039074
36514861
38277297
37239612
36977504
35550463
37874107
38286395
33774535
33331535
31641104
38540715
38959029
34424808
32780653
37926851
38501336
36538409
33946957
35031512
38607756
36515182
32166339
37794492
37526237
32990494
37486408
37990803
38015951
35968470
36982982
34639840
36038204
34927249
33203379
32728730
37838690
35678398
33573174
33522407
34081893
37459658
36322329
34871705
31704763
37857874
35718870
34092636
37157190
36041266
33660221
34507318
37699966
34034033
36814324
32949145
38012940
35881155
38112907
37655598
35700125
39073857
35159158
32394109
38605416
37382492
36065095
32016921
35436682
38890133
38591250
32757964
36840665
37141321
32966694
34851865
34786833
31252161
35639372
33252621
33794755
34697158
31279681
34373529
29865902
35145015
36749822
36917314
33599138
37141452
38422782
34482619
33627629
34622235
36109714
31179811
31692559
37874110
35697353
35239596
37483095
32500567
35740989
38729525
35000427
38497250
36008956
36218124
32200710
35178780
37792627
31618875
32445916
32628119
37985413
38732233
33905138
36918909
37964100
37955089
36384636
34260593
37182575
38896462
36512063
37574735
37248900
35585559
32468311
37155702
38424470
35491275
34711165
35912847
32049727
32411643
39061107
32076605
38279266
35354197
31111516
34569714
31801888
37549216
32195637
34387336
37484948
32418629
33023371
36634935
33420860
36150529
35388419
37418385
37739736
35389894
38065914
38997326
38717935
37902027
33383439
33856476
32250302
38859733
34398201
33948738
35604656
31678274
31678652
36946456
32948575
33920326
35171209
33757605
37548125
36128968
30659514
33144220
32402618
35856469
37668961
35414037
37170858
37045867
32667652
38418081
31564448
36697895
34449834
35001888
38240340
32019621
36628782
34515123
37026915
31775875
30588841
35525977
35850033
36525744
33009473
35879306
37874117
34375545
34677596
37391766
31923717
32857486
36516851
35486540
32677086
37482637
31810584
37057984
32805754
34129637
34002023
36437642
38087143
36417157
37580163
34099642
34493618
35103843
37013968
31011952
33516077
38007661
35334816
34255351
34564897
31497991
36745453
32383387
36737481
38217356
30457489
34230607
33881722
33787634
35759719
34525960
32665410
35152451
37976095
31933378
33339170
35582750
36412170
32563897
38460119
36384659
36811680
34040149
36973896
30939915
38837661
34253273
36229634
36355638
34069857
39013656
36630223
31609481
34121348
34309092
33197937
36195640
36790009
36107008
36370751
35262289
38176615
32815229
32378448
34670519
36795879
31657825
34704636
37150266
37926784
35124641
30866693
35418416
37792684
35951325
33009040
33817817
33285630
37699204
32565452
34425832
37643212
38108284
31755711
35072703
36319045
38518526
35751894
35642568
34103344
33646980
36516463
35105351
33487058
37678415
36350925
32632432
38297399
31918768
34772289
34324633
37703397
34313331
33236496
35379992
35349636
31818233
36413043
34786786
36066633
38160358
30322274
33933505
31309916
32741826
38328941
37558161
38032638
31076215
35228741
36547981
34232918
31418476
31880310
35948447
35312775
38575616
35197341
32799211
37695586
37066906
34299756
30286610
34167127
37890202
32729446
31391202
32680943
34917575
36411364
32497369
37389428
34462463
38875038
38056505
37351923
36739557
35549466
37556539
37368475
34552904
36166229
32978955
33277912
33410594
36870366
33481988
34633321
34753499
38751023
33293549
37212100
31942598
35015300
38275208
37495381
32901505
38905046
32589280
38492747
30588831
32960456
39046736
34028812
38104362
31409541
33377357
32113502
38552722
36656579
38549555
31985861
32410494
35142821
33077022
37865921
36650549
37732415
34257422
35676089
34308909
38597292
31755371
34358570
35164975
36724372
35971778
36272760
36789449
38321166
33646168
37086427
34176528
37193908
32012921
33375093
35581711
37672595
34366351
37218405
33138351
37212623
33404792
34208454
31350310
30968783
34378229
33609899
33779204
38629777
32045623
38344790
34054130
37220880
35269761
37741549
36411553
33935076
39008020
34338287
30953585
34028124
33174853
31815690
37935416
33744328
31668364
35938435
37833512
32833010
34238568
34253130
36878098
35026040
36731560
33052535
35733122
31723253
37180763
35695217
34445613
33691310
37776210
29871544
35848168
34402661
38880341
32975172
32753076
38848182
38722219
38759007
37156804
38263132
36193827
34796159
37154178
34881727
37379079
36398509
34420970
34718153
34273798
38616345
33016082
33646150
34292011
36411041
38203442
38759003
32921273
34110940
36527894
38306034
34761857
38143345
31855010
33437991
38909763
35543009
34635173
32651313
33459653
37638429
34586066
31958978
34532963
38042964
32226071
32012948
38669526
38943391
33164225
38995788
31769256
37062296
31385569
32597245
33217515
31585377
30525300
38277243
34033211
33453944
37182375
33427746
32145981
37060654
38425465
38382034
36498223
30428687
32120293
32449471
36795184
33550528
30912230
36404540
32447570
34529970
34244708
38732545
36276340
33348089
34009395
33595340
31876069
36155513
38905041
33438444
34217888
34437609
29931147
38143352
33100055
38518598
36898849
34090727
33044184
38943388
32589281
36321882
38968046
37670212
38064912
34388948
35012439
32026430
32281151
37994854
34170351
35239172
38306040
32736989
38038280
35580113
38427473
38290836
33808644
38720896
37927291
35457501
38872204
33686788
33900525
38682220
32272551
35773964
30318901
33030307
35586889
32578451
34744081
36205005
38788068
37065506
36979413
34622557
38869929
34006157
35838118
32746921
31266345
31335169
33556499
36799733
32815605
35321599
37972862
33285639
33686543
37871120
38669538
33242974
32611588
35405323
32335194
34625006
35674329
34207701
38874322
36451618
35622193
38657394
32804137
36347158
31815698
33847046
33374338
33104029
31674230
37943714
34801383
38321903
33812772
35484543
39009557
34498752
33555640
37482993
30967164
30626192
38015980
34864998
33021096
32240557
32223428
37334593
32385880
35960005
29546325
33806158
37742635
31868666
32476553
35527545
36571504
34002926
37081958
32166572
32972311
35815546
38875036
34635167
38574442
32845339
34978226
37840488
31486068
34739072
37650212
33626977
33649769
38758999
37647250
33285631
38482967
35460578
37212099
33400605
32589279
31812000
33459715
35216136
32249596
31814427
36078239
31557539
35318105
37518829
38086057
36059004
37418207
32586047
36217075
30688175
32652788
32484125
33967069
35606926
33119435
32741829
32979811
38915081
32706944
38062410
36988378
38083976
33977830
37341072
38865429
34509621
36409283
33016917
35101000
32979287
36402953
37578097
33226079
38155463
37943296
38381037
32503536
38084053
32880256
36048568
37511491
33618617
36268979
31779612
35773850
34486887
35062123
31066065
34776448
37370011
38393900
34924033
36251109
31062455
37121264
32757281
34893835
32175830
33599847
35713015
33772304
39076423
32739624
36207697
37165491
37781806
31434784
33326297
37343494
33003072
31746461
37171018
35938246
35634850
33780372
32944997
38497286
36530086
35797987
31194694
35356837
34542075
34338590
33259701
38728564
35142055
32865663
35883554
34962993
37395568
38216151
39023661
35466787
31783540
35855574
35443061
36671907
34574519
32583858
38427488
35085393
38373905
36073342
35103521
38640160
37440991
35773856
37276136
31109912
32631252
34166620
38086343
32820955
35538709
37482998
38143351
34368037
37284987
33357963
35779628
32756950
33356411
38671538
33902442
34797512
34957876
38819491
34704858
34047895
30081663
37438877
35234529
34197161
33185602
38758997
31917834
35437254
34584172
34843513
38788069
32955656
35028589
37037592
38113521
37660217
38885387
38969018
37182886
34423871
36698219
37658549
38669533
36994819
37751591
36347263
32662047
32538856
32838830
34595510
33161123
37174185
35862387
34444965
34086851
32628345
34848116
35294697
32464534
33046355
32883384
32253158
31112605
33720898
36914513
32894780
36259367
33173136
30628048
37899643
37295513
36362351
37204159
34146626
33769137
32954710
38717325
34655926
39019648
33427734
37675938
36075074
31955375
37676928
32753059
38346414
33726788
35954522
35128725
37552453
36112385
33323116
37944004
36446162
35852256
31934880
36149829
35253747
32618098
29471360
35708049
33759976
38481179
34229005
34120897
38673816
34574619
37779173
32602152
32144001
37321832
34762845
38814061
31403162
31672483
33749654
34079240
36899371
32767997
32720182
37318017
34795448
30994913
36684988
36361774
34290115
32358923
36528329
33414502
33660594
38973807
35199692
32059598
33982630
34057653
31727000
37704219
35901465
37335551
34092650
36343014
38992057
35758202
36536548
34515091
36875413
32164544
34888070
33221702
31582197
33819924
33875802
33030812
38803022
36776058
33507791
33033012
37872794
32200561
36678230
33275785
32087524
33057949
37049637
38150567
36104480
33467891
38331332
35604034
33970268
32769139
33176394
35797176
34479720
34565245
36875389
31006940
32993668
33882450
37581839
29985117
33198736
35758171
36988319
38288940
34657850
37173809
38160447
37572061
38390656
36834217
34740076
36637034
33558868
38178143
36414246
35254743
34126778
36189799
33550224
31240308
32931310
37705077
32522153
38554246
33676572
33459719
33865016
37387090
34417803
38944006
38924798
34281008
35213795
34252091
37940962
34303293
33484297
32713772
35314926
37148523
35495069
33125307
32438605
34688369
35064105
38284801
33540911
37162663
33974775
35487732
36098970
38048913
33434830
37537887
39058917
34337061
37428408
33077352
34673938
34741539
31797769
35213581
37620721
32667672
31588999
38655852
36821951
35863567
37856362
37933846
32402848
36516659
36554794
37897802
33181238
35625641
36437458
36424430
32891443
33750362
34219713
36454239
34886551
36996172
30621435
34609680
32458167
35666527
32334962
34032347
33516078
32589276
33963503
38929036
31928877
30789028
35285972
36613555
32065721
31633894
35889774
35190387
36912325
38714911
37244536
37263408
34174392
32562815
36445170
32776698
34274726
31918064
34180414
31945645
33609478
32668607
33213513
32216870
36368762
36494656
31410812
37269465
36314205
33720893
35472831
37299449
38788800
37947540
36733279
32272224
32291901
38108111
35681426
38018701
33099603
31563909
36055772
38567686
38552138
32218064
35569580
35849106
32819031
33736706
32881298
32149824
32314661
33051989
35633037
34482601
35184061
37751448
32609745
36814116
35007323
36210600
35929840
39030628
38461634
34167366
38183177
30324863
33602472
38552358
30501456
29947251
36227304
37972282
37563165
33925625
37312013
32396982
32631359
37450299
33408384
36973497
34865577
38275095
35322157
37490296
37477277
32065698
37580148
32790608
37910286
36116296
37768660
35248424
32828527
33951141
31884460
33687445
36472984
35039101
37329227
35235243
36540000
35543188
33492297
37448351
35482625
38367888
36451113
34918146
34852017
34818985
34040097
36054217
36833896
38018250
36463441
35420508
31464095
37804847
34378777
33063103
37811722
32574350
31439074
32342664
36871079
38932579
35869747
31375118
34151799
37386110
37569669
33964094
36227593
37994849
35627660
36320053
33588157
35246064
32091597
37148709
32109272
34326203
35347843
34003271
34911422
32600080
38674288
36658524
32455806
32969474
30739493
32063249
38493859
37996822
36366958
33634602
35054829
34245585
33882495
33567363
35512113
35105591
39000912
34066049
38430551
34893073
35103385
34242186
34924384
35004583
37022140
35313843
32723713
36085237
33410736
38147328
38538928
36976729
36266559
35235897
32727399
31710305
33326557
35661072
36875360
31476096
35852739
34974838
30882155
37058531
36790027
38155441
37738048
33787906
38651790
32854627
34137853
31358572
35689187
36273484
31493787
34560903
38705153
35989572
38890614
35771577
38664651
36508059
33278917
35696371
35388625
36331542
36348300
35438756
34281103
36897581
37543047
36038275
34334333
32259666
38015440
33297973
33947656
35962308
30705390
35348856
37149092
31385134
36988570
37983776
36898614
36039970
33685281
32129844
37611509
38244989
35228334
32972771
34881948
37030041
36279130
36941727
36940322
37331245
33249448
33339532
38745010
31566651
38291425
33350601
34253227
31190169
32925798
37441645
35404649
34806602
33197199
33990392
33164931
35987616
32859156
35313773
38450553
36268684
34775210
34769752
37165333
36926993
33270031
35149662
38796316
35533500
34863812
36200979
34857913
37801299
38541326
37334620
33028353
31537470
34668650
37798224
38504583
31974810
37683098
31730494
36917135
32235003
36534008
37698858
31236955
37015979
34739053
38432592
37486023
36273493
36656649
36562579
39016600
37004301
36877520
35793088
35299231
34789494
33595919
31455459
35896434
32517727
34360264
37741027
37594961
34480857
32040141
33663414
35030562
34801832
33421942
37339227
35296246
38031408
38695968
36319960
38147405
34794720
32285645
37102417
33136137
36098676
37202336
37577959
37224791
34970809
30251362
35080501
31882007
35920161
32699239
36607769
33549803
37478886
38349015
31521532
35045872
34253141
35388223
35247358
35433595
32831203
31561861
37715986
35034903
38529532
32720874
38728021
37728927
38937933
35006247
31160259
33396611
38506825
35064280
31187137
35674052
32464655
34998485
37138329
34859289
32282058
36156062
36314055
35679046
34609493
37482528
38696169
32487053
38775181
32943482
38967926
32278746
37409463
33462849
39079175
34633332
38566489
32912555
38824528
37028139
34732465
37459878
36774440
34997937
32396611
31525191
35490552
32485739
32280087
35810454
31811260
33271552
33531608
38182883
34869170
38321854
32738518
32458356
31293018
34260040
31664920
31647572
36130664
38959053
36716967
35838306
35165292
38493795
36788297
31665216
35920350
35085396
36849590
34138930
38986057
37804200
32650731
34780067
38641570
31636452
31250262
36821176
36223105
38272015
38642570
38374256
37052591
37788254
37352211
35346416
34002096
37578823
33044802
36716024
31673082
36575460
34743536
33589835
38484753
38582094
34887591
34493871
31413261
35697829
33568819
35708486
35931049
35551307
32372009
33634751
33230300
36224396
30617275