36918389
33756057
35289055
33882663
38689398
32585249
32840331
37408203
34043283
32006534
34768950
36184326
32280099
34360360
34245588
35344024
36623809
34715151
33780371
35304739
36197132
35151368
35939325
33579844
32481282
32716359
34407393
35351154
34237255
34556345
35921057
33226723
32597814
33965639
35265198
31291876
37757706
36842469
38067098
37666209
34714106
31614018
33453940
36380443
36284403
36258018
37240173
35710952
37141706
31385768
32538845
31345366
34882963
37358283
32354675
37929672
31520832
31543087
34498253
37355615
33459712
37316312
31353572
34924381
31539811
36827718
34151800
34565197
38640157
34043269
38003723
36852834
36327171
36585893
37840484
32852147
35293675
37420280
33198569
36995136
32928002
35964175
31698515
35543004
35612546
31492131
37980660
32556269
35440022
37181722
35841256
38706294
38286338
35309200
34813915
34031961
33630665
34690142
34351824
36067434
33499311
35931403
33747345
35752783
34156732
36576325
37247495
34919686
35970959
33044185
36523572
37649105
33803478
36334026
37401789
38762130
33129798
35458096
37486477
34420974
36796730
34101795
31916975
36336488
33297185
32867634
36854141
31228791
33377280
33090701
33859767
35484976
38685540
38773573
38253907
36281681
33663019
37834458
33252621
38792895
34197566
38898437
34602465
33814426
35955061
36566903
35098969
33037589
36427013
38230722
35476309
36729144
36039772
35184367
37066907
31342208
36650330
36840533
36041992
38311028
34615409
37718811
36556907
32306982
33308302
36240493
31846243
33904362
35466934
32390617
36354163
36776064
33533835
34092643
33749369
37061546
35501927
30198597
33780368
36469682
37291780
35852087
36027993
36851841
36588502
34642194
37402643
38701142
34944450
33409824
35772472
38288824
36521347
36911937
37551695
35946590
34334392
32683041
31797361
38669528
33560154
35132849
31650668
36282451
33711938
38640156
33386806
33138754
38858800
36372646
30247066
37144996
36782352
33930067
32951480
37172031
38374732
36478657
31512413
31940401
38043013
35670352
37204409
32052659
34252317
36044131
31879184
32979927
37638636
32052374
33607107
33538195
35218718
32130251
32538833
38912930
38424559
32207606
38885931
34634973
33243028
35590793
33096898
31771049
39044504
31985460
36399219
37321100
30657599
34581499
30284480
35723104
32751107
31208244
38230721
38870704
30855070
33595992
36833560
38744143
30521375
33435644
35780617
34821170
31563256
32333589
33596691
34184354
38305566
38706287
33208121
36724157
33322696
36128968
37372743
37667196
33682717
33989095
31342625
36317687
37713210
35553029
38467994
38374736
35523023
31402324
35077063
36429962
38472452
35142025
36371267
38497237
34090221
38669547
38098165
38599523
32826426
33883028
34495090
35106732
38759009
31200005
35022306
37668703
35412102
37108119
37855270
38875031
39063135
34420954
37128943
38517787
35581146
32250304
31563535
38629297
32996088
38898075
34284236
38843869
33087034
35477689
34585216
38032638
35871355
33137699
33214467
36593969
35904303
32826748
33545662
35913706
39044509
38461266
34677596
31478311
33416582
33255694
31012763
34440761
38425032
38145955
35189880
33272181
33071189
32614371
37481563
34334401
32778901
35196953
39000191
38115692
32783241
35698162
37302036
32600151
32563809
35130899
38728192
32795153
38733162
38538226
34292159
32016624
38604922
32027776
35226362
34039232
37840491
38323738
37106031
31755537
31134870
37742653
35103397
32853759
36502319
32584672
37394794
35275552
38940834
33971348
38218465
32540228
38129590
33725358
34294691
38402780
38294143
39030788
35129210
38230731
36376775
35977316
35956919
35040423
35278213
32808733
38338966
38073468
37392416
38970052
35212389
32116256
34873816
31960702
32747896
37300394
36925305
36272888
38456477
31510848
36107946
34682452
35099448
37033083
34101794
37955089
35678410
36210219
37021724
37125546
35583388
33952308
34014561
32148122
36203129
38443911
31821186
38666798
33922673
31794398
33008756
34978132
35001888
37594689
37057687
36065095
33091388
37066690
37070972
38454090
34036738
31342766
32821996
34101785
30588825
36606589
32920218
32383387
37671461
34382208
36894900
33216031
37974164
37812437
36189596
33252086
37276482
33140565
32314315
36242532
39044513
37424466
32925037
31911519
35653286
34250934
37440719
31431188
31421683
35988083
38079170
37031040
31006162
38640163
33966489
36449133
34919685
38230712
33516077
36281668
31134464
32380169
38436547
31880310
38385881
32949145
38478792
38109088
30698081
38189752
37776149
38294135
35245165
32351632
38546435
38069618
31504079
33393804
32807237
34736099
35964196
35265201
37100306
32915753
38149345
36075080
35957592
36572964
37059824
38546202
33090226
37357229
34233656
31615073
32534594
32161075
36283035
35637607
35644025
37872791
33554912
30724582
32227181
36693875
35697505
34889516
35248124
31514400
36469005
36358901
34951386
35193041
35007657
38706421
32680825
35934777
33184293
36093703
38401770
33011937
38269563
37052063
37668467
38484190
36349528
34284892
35068457
37762411
34647229
37479527
35557505
32107408
38003309
36745929
37003069
38339932
37218658
36495657
35752680
33268824
36265073
35983528
31930449
34624324
33166772
33554900
35311707
32452328
38539279
32531260
33397453
31440798
33120085
37762599
34801382
33068236
38766654
34590709
32006765
35164464
35183180
33167837
35588964
38621587
37352537
32652699
31326523
31718478
37939874
32847502
34623437
38417711
33476569
35072703
36538552
31818233
32298362
38355706
36205584
35977279
38523567
35488079
37307097
37013498
36603208
36974630
38958788
35226041
31280302
38706275
33963521
35964177
36264434
37927255
34279199
38427489
31591382
33533863
36512740
36218120
31556447
32085610
34315986
34751749
33208190
36857606
31544477
37115196
38902234
35860432
34360966
37667256
34613369
36573011
36641616
37298693
33769450
31704763
36598787
31732017
32048954
37980674
35432583
34256835
32248879
32522511
33999936
31068063
34534490
32540234
35862400
36671492
34918337
33527347
38994939
36870366
35394510
35489223
34103175
38419188
33409682
33246061
32484120
38133896
35098811
32749677
38701143
38273377
37391377
33749844
35043729
38612729
34372731
36806506
38616356
37523752
34658289
31025764
34418061
32627328
37407098
36542544
38215053
35946945
34081893
33467967
36296686
33637117
38452574
32463070
36538329
38706289
36753276
36346930
35485279
34739758
36930589
35525395
38501336
38002295
38757575
34499725
36615218
37052116
32366948
38232335
38447103
37968734
31177340
37147793
34684104
37739736
36867898
32463068
34756135
32071355
33594474
32617597
36330876
37921585
29249303
33045230
31076215
36413420
35511175
34334395
37831013
34420950
32598210
37964100
38591250
33273636
35041557
38669748
32468311
36116491
37074203
35606646
38424470
36183417
33300605
35435572
33843024
36266620
33420860
37484948
35856469
34443456
35508396
36166229
37191959
31678274
38182985
37548125
34957735
36863973
37391766
36372056
36404540
31111516
38256144
37552541
33205677
36745453
33009473
31923717
36124357
32223601
35879306
38990960
34768771
37015823
35985024
33250618
33319780
35512497
38616718
33890988
38538647
33612145
32019621
36881792
35262289
37057984
37375383
33290509
37947822
37476853
31363735
37326915
37541842
38744709
32039839
37244365
31398364
36967786
31153977
35596819
38741111
38142464
36795879
38768645
31233819
33763822
38554246
38411287
36449219
31771057
33956900
36315115
34425832
32251456
36808801
38944021
31852048
34645415
37435782
38518526
32632432
33009040
33779245
35447920
31522096
36804018
33187049
35666463
37556539
35442134
35579902
38885933
35871348
32589274
37850544
31738807
38885387
35061246
36786288
31409541
35157058
32597811
35940105
31454082
37482993
34924375
32122378
36916447
34206738
33800246
33838157
35030562
30616401
34479720
33356641
31425587
31125696
37718630
35339379
32949335
32736989
35063134
36656579
35015300
31494079
31460929
36098970
32279541
37997077
34557996
35852256
31759893
36526252
38653305
35253744
36044376
35635471
31876069
29471360
38476485
33502486
33934273
32646635
37732415
33957073
36905286
34535138
32944997
30497302
33827446
35694920
36048568
38010643
38669535
35444051
32216870
36054521
31941400
32932217
38175662
31821606
37921746
32729446
34609680
35195109
35237944
34372985
38306035
38598162
32712947
35085044
34459392
31494822
37088104
38100111
37781805
31779612
38331381
32517727
37994853
33007212
38054851
34021393
36815660
35727023
36684988
35285972
33982630
34459396
35232376
33769542
34702606
31107293
32092157
34044832
37038818
30705390
34219726
33295419
31815652
33065503
32059598
32175594
37150216
37830571
31735048
36897581
31845650
38604203
38504583
39059802
32944734
31734120
37015322
35105591
37738048
31204814
37493171
33539776
35702798
38081322
36574646
33420342
33779684
36527894
38655803
32134817
34297980
33461034
38967926
38381541
32656921
34402661
33272213
34718569
38018250
36630558
31410812
32080123
32614887
38549555
32993668
35293672
38912053
33666110
36349964
33136137
33646214
32543359
35543009
32887591
37227580
35147537
33420609
35149662
33887953
33687902
38049813
35527545
34529970
34090727
36961460
31505513
36782122
34312178
34635173
33323116
32965034
33044184
37991327
31783058
33052560
35385035
35977261
38968046
37781806
32653761
35971778
33052482
33671500
38689281
37202896
36434620
37903644
38915081
32281151
31710397
32390620
32385880
31806199
37195983
37482998
34229081
35984088
33030514
37840488
35641909
32815605
37062296
37418207
34063911
32757281
31845208
38833712
37065506
38575115
37436580
32631252
35679046
34586066
33066212
33285639
35216136
34998485
37334589
33458836
36343014
34320558
35622193
32484125
37751591
36366844
33820889
37490708
31585377
34201882
38030092
38590688
36048312
38981729
37511491
33153757
36217075
38183996
36343247
35526028
35026040
31455442
37513229
37343494
38110288
37713748
31392765
32865663
35938246
34089652
33357963
38905046
35103408
37440991
37121264
33688938
32979287
34151799
37721762
38424433
35779628
33676832
31434784
37984023
34047895
34917575
36122597
31248666
35815546
33271079
38618787
33104029
37130742
33467891
37658549
31860350
36495120
34843513
37344154
35264118
38696263
34146626
31736139
33411003
32850583
31746697
32611588
38743119
37929769
38607756
37272749
36899371
34565245
38642248
36413364
37522209
38814061
34688369
32434925
33207662
35410437
32767997
37212103
32546371
36347277
35484991
36637034
35819902
33097597
32780014
32013737
35735138
38178143
35254743
31240308
37318017
34932003
38373905
32935657
33484297
38390656
33563242
35758171
35128725
34727174
33882498
38493795
35604034
33459719
34108560
35027110
32166373
32643511
39023661
32396982
31273677
36068641
37244536
33540911
37386110
35452803
32925028
33026140
31238064
32563294
33148193
32819031
32070224
38499161
31699021
32937836
33750362
38640912
36875413
38642570
35487732
38929036
33736706
38275208
36395982
35029540
33010796
37049785
37531110
34166754
34196585
36271425
37393057
38129290
34219732
35213581
33667554
32238339
33492297
31488131
31378596
36554794
31375118
33348089
36941727
33657269
35333361
38275095
36443917
32756140
30739493
34552904
38284801
37994849
32455806
36085237
38582094
35246064
34003271
38053113
37974489
34704236
34881948
38326894
38567686
38484753
35196481
32472048
32460726
35336856
38785364
32723713
37801299
33470949
31566651
37903878
38541326
31563909
39008797
34668650
33634602
37279596
36273493
38280392
37566420
37804847
36562579
35247358
35064280
38349015
31142660
38321854
36940322
33044304
37798224
32094485
31645637
33787906
38775181
36631766
33153444
34784865
34099524
32487053
31664920
38182883
32532237
37208496
32062643
32738518
33525927
36453167
38824528
36130664
36849590
37035916
36774440
36575460
31673082
34887591
34493871
35931049
33634751
36224396